0 0.000000 0.000000 0.000000
0.100018207372264 0.078986 0.070400 0.026700
0.200028158058628 0.155984 0.121100 0.042700
0.300034952063187 0.210986 0.169400 0.045600
0.400086131954846 0.204895 0.212700 0.042500
0.500217207393744 0.208726 0.255700 0.041600
0.600226243763083 0.188983 0.289800 0.038300
0.700239039664119 0.143982 0.326800 0.037500
0.800278488498815 0.150940 0.366000 0.032600
0.900776976489039 0.130350 0.395400 0.030500
1.00118971940933 0.114527 0.427500 0.027800
1.10160852429843 0.092612 0.462800 0.025300
1.20216057534715 0.095473 0.492100 0.024100
1.30224800033509 0.084926 0.521900 0.022800
1.40324179574456 0.073272 0.552700 0.020600
1.50372382188401 0.042794 0.582200 0.019900
1.60440700623373 0.050654 0.608100 0.018000
1.70559008076712 0.044474 0.633200 0.015500
1.80569280146172 0.030968 0.657400 0.015000
1.90603025830999 0.036876 0.679200 0.013100
2.00609793279021 0.024983 0.700200 0.012400
2.10645188839606 0.026905 0.717800 0.011700
2.20657308256907 0.024970 0.736400 0.010600
2.30669663139907 0.014981 0.755200 0.010500
2.40774566991869 0.018803 0.771400 0.010000
2.5081599803017 0.012946 0.786500 0.009100
2.60821036176349 0.014992 0.801400 0.009000
2.70937233896164 0.013839 0.814800 0.008800
2.81041391456557 0.011876 0.827100 0.008000
2.91125686452619 0.008925 0.839400 0.007900
3.01140047045658 0.004993 0.851500 0.008000
3.11164070700033 0.014964 0.862100 0.007300
3.21378473990277 0.004895 0.870600 0.007000
3.31640173847174 0.003898 0.879900 0.006800
3.41688126084878 0.007962 0.888100 0.006600
3.51689584157572 0.003999 0.895700 0.006400
3.62174760733902 0.004769 0.903400 0.006500
3.72225584155845 0.000000 0.910400 0.006500
3.82243865507626 0.003993 0.916100 0.006300
3.92584353369494 0.003868 0.921800 0.006100
4.0264874656923 0.001987 0.926700 0.005900
4.13018078850545 0.002893 0.932200 0.005800
4.23233171049003 0.003916 0.936600 0.005400
4.33237158971848 0.001999 0.940800 0.005200
4.43488574100349 0.002926 0.944600 0.004900
4.53749504469828 0.002924 0.947900 0.005000
4.6395777608705 0.002939 0.951800 0.004900
4.74246208193627 0.001944 0.955100 0.004700
4.84357586660238 0.000989 0.958800 0.004800
4.94804710315762 0.000957 0.961000 0.004700
5.04841699494586 0.000996 0.964200 0.004600
5.15024500002371 0.000982 0.967200 0.004500
5.25124389595712 0.001980 0.969700 0.004300
5.35846532856706 0.000000 0.971500 0.004300
5.46299493869848 0.000000 0.973200 0.004300
5.56878421205637 0.000945 0.975000 0.004200
5.68725157973115 0.001688 0.975700 0.004000
5.79853817548434 0.000000 0.976800 0.004000
5.90760631575454 0.000917 0.978600 0.003900
6.00974430785283 0.000979 0.979600 0.003800
6.11148666104377 0.000000 0.981300 0.003800
6.21689165876912 0.000000 0.982200 0.003800
6.33153738536893 0.000000 0.982800 0.003800
6.44147823155759 0.000910 0.984000 0.003700
6.54634444440431 0.000000 0.985100 0.003700
6.64732660588924 0.000000 0.986100 0.003700
6.75147068035511 0.000000 0.987300 0.003700
6.88303360516981 0.000000 0.987800 0.003700
7.02009183037951 0.000000 0.988900 0.003700
7.12513815822847 0.000000 0.989500 0.003700
7.23179334646292 0.000000 0.990500 0.003700
7.33953113146347 0.000000 0.991000 0.003700
7.47817642032438 0.000000 0.991400 0.003700
7.60840403510101 0.000000 0.991700 0.003700
7.71096472435615 0.000000 0.992300 0.003700
7.81962667878884 0.000000 0.992700 0.003700
7.95212454779987 0.000000 0.992800 0.003700
8.05479806417979 0.000000 0.993400 0.003700
8.16450948470234 0.000000 0.993700 0.003700
8.27324764912785 0.000000 0.993900 0.003700
8.40014327265059 0.000000 0.994200 0.003700
8.54247134800837 0.000000 0.994400 0.003700
8.77321005283118 0.000000 0.994600 0.003700
9.06251893410238 0.000000 0.995000 0.003700
9.24091388496486 0.000000 0.995200 0.003700
9.48150856933383 0.000000 0.995500 0.003700
9.58928491815518 0.000000 0.995600 0.003700
9.73261690531541 0.000000 0.995700 0.003700
10.255855559592 0.000000 0.995800 0.003700
10.8223589152329 0.000000 0.995900 0.003700
10.9930673233053 0.000000 0.996000 0.003700
12.1835401194689 0.000000 0.996100 0.003700
12.2896587652807 0.000000 0.996200 0.003700
inf 0.000000 0.996300 0.003700
inf 0.000000 0.996300 0.003700
