0 0.000000 0.000000 0.000000
0.100118711772136 0.057931 0.010900 0.133200
0.20025171885933 0.130826 0.015700 0.220100
0.300444342081172 0.127754 0.018700 0.293500
0.400492776474443 0.119942 0.018400 0.345300
0.500569501389124 0.123905 0.017100 0.383500
0.600733663274153 0.113813 0.017800 0.412700
0.700937717055683 0.126741 0.017500 0.439000
0.802323958273114 0.108496 0.017600 0.462200
0.90279454308459 0.106499 0.018200 0.481700
1.00293685548405 0.082882 0.019500 0.498200
1.10388662668016 0.072313 0.021600 0.513100
1.2043780959202 0.074633 0.023900 0.525200
1.30449094032452 0.066924 0.025300 0.535900
1.40586298592213 0.069053 0.027200 0.544500
1.50643828797159 0.069600 0.028700 0.553500
1.60670282078325 0.075799 0.029500 0.562100
1.70807363098416 0.072013 0.030800 0.567400
1.80882560339262 0.061537 0.032400 0.573200
1.90900257865144 0.055901 0.034200 0.580000
2.01034614800151 0.051311 0.036100 0.586400
2.11064630225903 0.044865 0.037300 0.593100
2.21105573860622 0.053780 0.038800 0.596900
2.31234862292787 0.056272 0.041500 0.598400
2.41475581099302 0.048825 0.043000 0.603200
2.5153329092085 0.070593 0.045000 0.606300
2.61692587064281 0.057091 0.046700 0.608100
2.71730855974677 0.065748 0.047500 0.608100
2.81787255268203 0.057675 0.049900 0.612500
2.92055702946392 0.052588 0.051600 0.615900
3.02239146002509 0.056955 0.053900 0.616300
3.1232145465978 0.052567 0.055400 0.616400
3.22329247815691 0.035972 0.056700 0.620800
3.32334157146318 0.056972 0.058000 0.620900
3.425083700071 0.039315 0.060100 0.622500
3.52700262784957 0.051021 0.061400 0.623900
3.62707514042277 0.057958 0.063200 0.623900
3.72791246397404 0.049585 0.065600 0.624300
3.82859933545111 0.052638 0.067200 0.624200
3.92961502777701 0.049497 0.069400 0.624800
4.02998763787726 0.044833 0.070900 0.626300
4.13044634010444 0.041808 0.072600 0.626300
4.23173317427838 0.035543 0.073600 0.626100
4.33344206139053 0.046210 0.075200 0.626200
4.43514771449583 0.052111 0.076700 0.625700
4.53669069005077 0.047271 0.077800 0.624900
4.63705247432828 0.041849 0.079600 0.625700
4.73755634269035 0.043779 0.081200 0.625300
4.84008873477369 0.045839 0.082700 0.625400
4.94181569635807 0.052100 0.084400 0.624100
5.04197227745529 0.037941 0.086200 0.624300
5.14241506579955 0.042810 0.087300 0.624600
5.24274432330938 0.041862 0.089100 0.624600
5.3440112089445 0.059249 0.089800 0.622800
5.44430462171029 0.033901 0.090800 0.624200
5.54505014451539 0.048637 0.092400 0.622300
5.64768364514379 0.037999 0.094000 0.622400
5.74789174471375 0.035925 0.095900 0.622000
5.84870588662258 0.044637 0.097900 0.620700
5.94902811335949 0.044855 0.099400 0.618600
6.04973678456683 0.043690 0.100900 0.618600
6.15071340777318 0.036642 0.101800 0.619100
6.25103449239346 0.035885 0.103500 0.618300
6.35328629983836 0.026405 0.105000 0.619600
6.45692197404174 0.033772 0.105900 0.620100
6.55692263742732 0.031000 0.107400 0.619600
6.66114727873403 0.045095 0.109600 0.618300
6.76152840630785 0.032875 0.111500 0.618800
6.86153337917282 0.031998 0.114200 0.618000
6.96168968886888 0.029953 0.115600 0.618400
7.06434152141903 0.039941 0.116900 0.616700
7.16633591744299 0.027452 0.119000 0.616100
7.26766146728759 0.045398 0.120000 0.615100
7.36838387657782 0.038720 0.121600 0.613800
7.47157080421487 0.030043 0.124900 0.613100
7.57259906667811 0.041573 0.125400 0.612500
7.67665271666325 0.036520 0.126800 0.613900
7.77718890070325 0.033819 0.128600 0.614500
7.88216834343155 0.035245 0.130300 0.614000
7.98549543238699 0.041615 0.132700 0.612500
8.08641752412492 0.029726 0.135500 0.611500
8.18733370065075 0.033691 0.136500 0.612100
8.28749569703901 0.040934 0.137700 0.609600
8.3878481373027 0.029895 0.139300 0.609000
8.48935771214087 0.025613 0.141100 0.608400
8.59013724873283 0.037706 0.143400 0.606000
8.69035548266614 0.031930 0.145300 0.606200
8.79535968340867 0.022856 0.146800 0.606400
8.8956359324638 0.032909 0.149200 0.606100
8.99648201889572 0.029748 0.150800 0.606100
9.0982196387223 0.037351 0.152100 0.604700
9.20065962848505 0.030262 0.152600 0.603600
9.30294176810347 0.036174 0.154500 0.602500
9.40419081252568 0.029630 0.156600 0.601500
9.5063430021228 0.042094 0.158200 0.599600
9.60640413918777 0.037977 0.159600 0.598800
9.70675375908757 0.033882 0.161500 0.599400
9.81162281163 0.033375 0.163600 0.597500
9.91392170735183 0.027371 0.165600 0.597900
10.0165283615247 0.032162 0.167400 0.596400
10.1169279691853 0.023904 0.169300 0.595200
10.2169684639502 0.024990 0.170900 0.594500
10.3178097039991 0.035700 0.172000 0.592900
10.4249953888815 0.034520 0.174100 0.591200
10.5280579105249 0.037841 0.176100 0.589700
10.6316032307884 0.043459 0.176800 0.587000
10.7391354339972 0.034408 0.178400 0.585500
10.8437007529676 0.028690 0.180400 0.584700
10.9459881767166 0.034217 0.182700 0.584000
11.0461499758912 0.033945 0.184000 0.584000
11.1473821801011 0.024696 0.186400 0.582700
11.2485070942788 0.041533 0.187400 0.580500
11.3489480501271 0.031860 0.188600 0.579300
11.449162615547 0.033927 0.190500 0.578500
11.5514636687486 0.024438 0.192000 0.578000
11.6534055069987 0.035314 0.193000 0.578200
11.7537693665566 0.028895 0.195300 0.577100
11.856303326822 0.035110 0.196800 0.574900
11.9569218880572 0.028822 0.198200 0.573800
12.0598323345149 0.029152 0.199900 0.573400
12.1605849576656 0.029776 0.201000 0.573400
12.262333779475 0.028502 0.202000 0.572900
12.3635123847844 0.027674 0.203400 0.572500
12.4691681278263 0.027448 0.206100 0.572000
12.5721354514245 0.024280 0.207200 0.571700
12.6726253343615 0.025873 0.209900 0.571500
12.772841354232 0.026942 0.212000 0.569800
12.8736653404431 0.029755 0.214100 0.568600
12.9743045779419 0.027822 0.215800 0.567200
13.0760004819895 0.034416 0.217500 0.566300
13.1761533663553 0.019969 0.219000 0.565700
13.278021254925 0.025523 0.220500 0.565300
13.3860716047193 0.022212 0.222400 0.565700
13.4887614309043 0.024345 0.223900 0.564600
13.5910018149791 0.042058 0.225500 0.562500
13.6918818554985 0.029738 0.227600 0.560900
13.7951526272045 0.023240 0.229300 0.560700
13.8983900649596 0.023247 0.231100 0.559100
14.0023839229651 0.025963 0.232300 0.557800
14.1027817140693 0.028885 0.233600 0.556100
14.2079447401033 0.023773 0.234900 0.555200
14.3135216887352 0.023679 0.236200 0.555100
14.4150619454477 0.021666 0.237800 0.555100
14.5167547909371 0.020650 0.239900 0.554400
14.6168565158538 0.026973 0.241400 0.553300
14.7175007253789 0.032789 0.242000 0.552000
14.8230990913881 0.029357 0.243500 0.550700
14.9249741360187 0.021595 0.245300 0.550100
15.0259382798018 0.029714 0.247200 0.547900
15.131802272569 0.031172 0.248700 0.547400
15.2374171184718 0.008522 0.250600 0.547300
15.3381463271699 0.023826 0.252500 0.546900
15.4384475378221 0.031904 0.254800 0.545500
15.5384769043742 0.024993 0.256100 0.545000
15.6391779423389 0.031777 0.257500 0.542800
15.7429764058165 0.023122 0.258800 0.542600
15.8473592680542 0.034488 0.259900 0.541600
15.9475544677317 0.020959 0.260700 0.541300
16.0506029877436 0.027172 0.261800 0.540500
16.1514150461126 0.020831 0.263000 0.539600
16.2520980877584 0.014898 0.264800 0.539500
16.3551761085974 0.029104 0.266400 0.537900
16.4560827433835 0.024775 0.267300 0.537800
16.5593964555531 0.022262 0.268900 0.537300
16.6610105080446 0.028539 0.269600 0.536400
16.7649690595389 0.027896 0.271200 0.535100
16.8692215933156 0.037409 0.272500 0.532200
16.9748561149804 0.023667 0.274200 0.530900
17.075061201708 0.018961 0.275800 0.530200
17.1799888731663 0.029544 0.277200 0.529300
17.2845803874313 0.020078 0.278600 0.529000
17.3887744599517 0.033591 0.280300 0.527300
17.489671375459 0.027751 0.281600 0.526900
17.5908899223863 0.031615 0.282500 0.526300
17.6913244645371 0.025888 0.284400 0.524300
17.7914146366193 0.023978 0.285600 0.523300
17.8938903956618 0.020493 0.286500 0.522000
17.9974413584994 0.032834 0.288200 0.520200
18.0977375773354 0.022932 0.289700 0.519300
18.1984608224784 0.024820 0.290800 0.518200
18.3027254265028 0.026855 0.292200 0.516600
18.4039809295575 0.014814 0.293100 0.516500
18.5076054537622 0.032811 0.294400 0.514900
18.6115720337867 0.026932 0.294700 0.514300
18.71179257622 0.036919 0.296400 0.511600
18.8141763666393 0.018558 0.297700 0.510300
18.9166451806 0.024398 0.299100 0.509600
19.0167939906016 0.024963 0.301100 0.507900
19.1171361807784 0.022922 0.302100 0.507200
19.2188122962844 0.027538 0.303600 0.507200
19.318863641147 0.016991 0.304900 0.506700
19.4205361913727 0.024589 0.305800 0.506000
19.5209565898657 0.027883 0.307400 0.505200
19.6231224458676 0.026428 0.308100 0.505100
19.7241210253047 0.026733 0.309000 0.503600
19.8274943715621 0.013543 0.311000 0.504600
19.9306495495597 0.031991 0.312100 0.503300
20.0369096689942 0.018822 0.314200 0.502900
20.1380715291546 0.011862 0.315700 0.502900
20.2405066193263 0.022453 0.316900 0.502000
20.3425348086287 0.017642 0.318400 0.501400
20.4432796117329 0.027793 0.319500 0.500000
20.5446468964648 0.020717 0.321500 0.498500
20.6449987654687 0.024912 0.322600 0.498400
20.7456739577265 0.021852 0.324700 0.498000
20.8487005346941 0.030089 0.325800 0.495900
20.9488620140342 0.023961 0.327600 0.495100
21.0494344244869 0.018892 0.329100 0.494800
21.1564268707183 0.012150 0.330300 0.494900
21.2594279250174 0.029126 0.331500 0.493300
21.3595093184073 0.025979 0.332600 0.492300
21.4625885062994 0.032984 0.333400 0.490700
21.5643665698121 0.014738 0.335100 0.490600
21.6739303522865 0.024643 0.335600 0.489100
21.7741049479927 0.022960 0.336800 0.487600
21.8802522110015 0.016958 0.338200 0.487000
21.9837532945607 0.029951 0.339000 0.485300
22.0843307055316 0.022868 0.340100 0.484800
22.1909255353779 0.024391 0.342100 0.483400
22.2924392872825 0.021672 0.344200 0.482200
22.3938083974081 0.018743 0.345300 0.482300
22.4940670752319 0.019948 0.347600 0.481700
22.5941583851715 0.022979 0.349100 0.481200
22.6943082089288 0.027958 0.350100 0.479400
22.7950769854592 0.026794 0.351500 0.478700
22.8960447150621 0.025751 0.352400 0.477300
22.9965936163186 0.012929 0.353400 0.478000
23.0976715358582 0.020776 0.355200 0.476700
23.1996434363301 0.006865 0.356700 0.477400
23.3038136786167 0.016319 0.358600 0.476500
23.404958718415 0.020762 0.359700 0.476200
23.5089641813068 0.023076 0.361700 0.474800
23.6117847741854 0.017506 0.362700 0.474800
23.7131524232837 0.018744 0.363800 0.473700
23.8149030130732 0.012776 0.365400 0.472800
23.9152249729837 0.018939 0.366800 0.472500
24.0159633104286 0.013897 0.368000 0.471900
24.1191619348556 0.023256 0.368800 0.471300
24.2198371426356 0.025826 0.369300 0.470700
24.3210950419237 0.017776 0.370300 0.470500
24.4239710532281 0.023329 0.371000 0.470100
24.5257991369453 0.016695 0.372100 0.469600
24.6269466366958 0.017796 0.373500 0.467800
24.7327195839422 0.023636 0.375100 0.466300
24.8355880248493 0.014582 0.376500 0.466400
24.9389524721918 0.014512 0.378500 0.465500
25.055189834038 0.024949 0.379200 0.464600
25.1558358165123 0.024840 0.380600 0.464100
25.2579345856407 0.015671 0.381600 0.463500
25.3640695321458 0.016017 0.382000 0.463200
25.4691813857808 0.017125 0.383000 0.462600
25.5699397924814 0.022827 0.384000 0.462100
25.6735994144697 0.016400 0.385400 0.461600
25.7750631940897 0.012812 0.387400 0.461300
25.8760300381355 0.016837 0.387800 0.462400
25.9775451134516 0.015761 0.388800 0.461600
26.0780279181975 0.012938 0.390600 0.460900
26.1781030578706 0.017986 0.391700 0.460100
26.2811728897896 0.016494 0.393200 0.459000
26.3827362415693 0.013784 0.394500 0.459600
26.4839892139948 0.018765 0.395300 0.458900
26.5870565326843 0.015524 0.397000 0.457900
26.6897120029801 0.013638 0.398500 0.457100
26.801829547946 0.010703 0.400600 0.456300
26.9029980858586 0.016804 0.402000 0.455000
27.0068546319646 0.020220 0.403500 0.454700
27.1068899042521 0.018993 0.404600 0.453800
27.2101502272365 0.020337 0.406300 0.452500
27.3112962669526 0.018785 0.407600 0.452600
27.4124465427977 0.016807 0.409700 0.451700
27.5234743004454 0.014411 0.410700 0.451100
27.6238983632638 0.014937 0.411300 0.450400
27.7270550543238 0.017449 0.412900 0.449000
27.8330830226226 0.008488 0.414100 0.448900
27.9368849645205 0.017341 0.414200 0.448300
28.0509761905018 0.014024 0.414600 0.448500
28.1535981219475 0.008770 0.415900 0.447800
28.2547109810094 0.014835 0.418000 0.446300
28.3593836854867 0.017196 0.418900 0.445900
28.4619294818771 0.013652 0.420400 0.445100
28.5702915275905 0.019379 0.420900 0.444000
28.6747909040503 0.015311 0.421800 0.443200
28.7756230499485 0.013884 0.422900 0.442800
28.8781279515988 0.022438 0.423100 0.441300
28.9788747572582 0.010918 0.425300 0.440600
29.0798529065101 0.017826 0.426300 0.439800
29.1832312220039 0.014510 0.427800 0.439300
29.2909510336935 0.010212 0.428900 0.439400
29.3968584089779 0.018884 0.429800 0.438200
29.4971502781621 0.015953 0.431300 0.437200
29.5994509033827 0.011730 0.432200 0.437400
29.7005325810687 0.013850 0.432900 0.436800
29.8026179758757 0.013714 0.434400 0.435800
29.9126271836427 0.011817 0.435400 0.435300
30.013603179668 0.011884 0.435900 0.434900
30.1145133046069 0.016847 0.436900 0.434400
30.2194419849522 0.019061 0.438400 0.433800
30.320730904164 0.013822 0.440400 0.433200
30.428240543114 0.009301 0.441600 0.432600
30.5389078572029 0.012651 0.443300 0.432200
30.6422663972131 0.017415 0.444000 0.431400
30.7434587956655 0.010870 0.445700 0.430900
30.8495232340481 0.012257 0.445600 0.430600
30.9520937303959 0.021449 0.446000 0.430200
31.053300853187 0.018773 0.447200 0.429100
31.1550142484764 0.014747 0.448000 0.428800
31.2578539874623 0.014586 0.448500 0.428500
31.3594499220886 0.009843 0.449700 0.428300
31.4703281762339 0.013528 0.450800 0.427000
31.573951093323 0.009650 0.451900 0.426800
31.6780025873461 0.011533 0.452600 0.426400
31.7787983402389 0.011905 0.453100 0.425800
31.8813857754939 0.012672 0.453700 0.425300
31.9835059826671 0.007834 0.454300 0.425300
32.0844108171987 0.011892 0.455600 0.424300
32.1861017060663 0.016717 0.456700 0.423000
32.2869946273108 0.020814 0.456900 0.421900
32.3891442849714 0.013705 0.457400 0.421700
32.4919479568323 0.011673 0.458600 0.420700
32.5930995409621 0.010875 0.460200 0.419800
32.6970392975684 0.007697 0.462000 0.419800
32.7993266169198 0.008799 0.463300 0.419500
32.9018832957549 0.014626 0.464900 0.418600
33.0047040902818 0.017506 0.466300 0.417000
33.1059750453925 0.014812 0.466300 0.416700
33.2094320075026 0.011599 0.467400 0.416500
33.3097971496067 0.008967 0.468700 0.415800
33.4124282253532 0.013641 0.469800 0.415400
33.5184776799185 0.010373 0.471100 0.414900
33.6238133446364 0.017088 0.471700 0.413700
33.7351555737546 0.013472 0.472900 0.412800
33.8395088024445 0.004791 0.474000 0.412700
33.941363067473 0.010800 0.475200 0.411800
34.0419383595317 0.009943 0.476800 0.411200
34.146917588344 0.009526 0.477500 0.411000
34.2485138656688 0.010827 0.478600 0.411300
34.3663244300514 0.007639 0.479800 0.411200
34.4668898440218 0.008949 0.480500 0.410300
34.5688323782673 0.006867 0.482000 0.409600
34.6712233898859 0.012696 0.482500 0.409100
34.7856268752481 0.007867 0.482900 0.408600
34.9004350867389 0.013065 0.483200 0.408100
35.0068480019436 0.011277 0.484500 0.407500
35.1173558528023 0.009049 0.485200 0.407300
35.2203468924802 0.013593 0.486300 0.406700
35.3221246542663 0.007860 0.487100 0.406500
35.425174473006 0.016497 0.488900 0.405000
35.5396196191947 0.010485 0.489300 0.404600
35.6412893488428 0.012787 0.490300 0.403900
35.749295185959 0.009259 0.491100 0.403700
35.8501616937979 0.017845 0.491100 0.402900
35.9524254530797 0.015646 0.491200 0.402500
36.05687074844 0.011489 0.492600 0.401900
36.1622997849352 0.012331 0.493500 0.401400
36.2674998779185 0.017110 0.494300 0.400600
36.3763257322815 0.010108 0.495000 0.400500
36.4824886081066 0.009419 0.496100 0.399500
36.594954380705 0.011559 0.497100 0.399000
36.6964864958618 0.011819 0.497800 0.398200
36.8025961132303 0.007539 0.499000 0.397400
36.9089003097331 0.014110 0.500000 0.396300
37.0126997249667 0.015414 0.500100 0.396300
37.1315171911652 0.006733 0.500700 0.396100
37.2451233123905 0.014964 0.501800 0.395400
37.3486851193451 0.009656 0.502300 0.395000
37.4573051608476 0.007365 0.503600 0.394400
37.557709973628 0.012948 0.504200 0.394300
37.6657201733505 0.008333 0.504800 0.394200
37.7660576995291 0.015946 0.505300 0.393200
37.8704857529101 0.007661 0.506700 0.393200
37.9739167272499 0.009668 0.507500 0.392200
38.083631778171 0.010937 0.508900 0.391400
38.1874100766356 0.008672 0.509600 0.391100
38.2891494184202 0.015726 0.510400 0.390300
38.3913246153962 0.009787 0.511500 0.389500
38.4946332189897 0.007744 0.512800 0.388900
38.5990243051641 0.011495 0.513600 0.388300
38.7051723757679 0.010363 0.514500 0.387800
38.8112948711859 0.006596 0.515500 0.387300
38.9124691069045 0.005930 0.516900 0.387100
39.0181121421321 0.006626 0.517800 0.387200
39.1184522073411 0.007973 0.519200 0.386800
39.2192619642926 0.011904 0.519800 0.386400
39.3263681758731 0.006536 0.521900 0.385900
39.4337413728374 0.011176 0.522600 0.385500
39.5385574905814 0.008586 0.523000 0.385400
39.6400115248475 0.010842 0.524100 0.384500
39.7427651666388 0.006812 0.525800 0.384200
39.8461654439553 0.009671 0.526300 0.384200
39.9483921298249 0.008804 0.527300 0.383700
40.0622042977561 0.008786 0.527700 0.383900
40.170542131065 0.005538 0.529300 0.383500
40.271746523941 0.011857 0.529900 0.382700
40.3741662310608 0.004882 0.531100 0.382600
40.4835727156519 0.010968 0.531900 0.381600
40.5842154650695 0.013911 0.532900 0.380600
40.687129697936 0.009717 0.533600 0.380400
40.7871746929626 0.009996 0.535100 0.379800
40.8895566779694 0.007814 0.536000 0.379200
40.9999296536118 0.008154 0.536500 0.378700
41.1016497053652 0.012780 0.537000 0.378400
41.2055643789251 0.010586 0.537600 0.377900
41.3237959556354 0.009304 0.538100 0.377400
41.4335690307765 0.004555 0.539100 0.377100
41.5379744935453 0.011494 0.539700 0.376700
41.6505620480358 0.010658 0.540800 0.376300
41.7668459997497 0.008600 0.541500 0.375500
41.8722599764996 0.005692 0.542300 0.375100
41.9724485864941 0.012976 0.543000 0.374200
42.0770867387532 0.004778 0.543900 0.373900
42.1782952089743 0.013833 0.544100 0.373300
42.2809760487546 0.004869 0.545000 0.373400
42.38692175508 0.016046 0.545500 0.372300
42.5036110369675 0.013712 0.546500 0.371500
42.6195702275833 0.005174 0.547400 0.371100
42.7213687842988 0.007859 0.548200 0.370900
42.8246994864847 0.015484 0.548300 0.370300
42.9247519405922 0.005997 0.548900 0.369700
43.0272801027181 0.009753 0.550100 0.369100
43.1348569853984 0.005577 0.550800 0.368900
43.2398259372582 0.014290 0.551400 0.368400
43.3444686886346 0.005734 0.551900 0.368600
43.4527457517299 0.007388 0.553100 0.368000
43.564156775848 0.013464 0.553400 0.367900
43.6667905425042 0.008769 0.554100 0.367200
43.7675922574781 0.006944 0.554300 0.366900
43.8754989838405 0.011121 0.554600 0.366100
43.9877499499067 0.006236 0.555100 0.366200
44.091337466755 0.005792 0.555800 0.366400
44.201371806753 0.009088 0.556600 0.366000
44.3027063368234 0.007895 0.557400 0.365800
44.4043799070594 0.007868 0.558100 0.365400
44.5079883252319 0.007721 0.558500 0.365600
44.6312107682019 0.004058 0.559200 0.365300
44.7371460256384 0.008496 0.559800 0.365000
44.8377287884064 0.003977 0.561300 0.365200
44.9586575957586 0.006615 0.562100 0.365200
45.0610401885263 0.004884 0.562600 0.364700
45.170822684701 0.004554 0.563300 0.364800
45.2818301172361 0.001802 0.564000 0.364600
45.386075849559 0.006715 0.564800 0.364100
45.4862107863544 0.005992 0.565500 0.363900
45.5909448865037 0.008593 0.566300 0.363200
45.6911143510128 0.005990 0.567300 0.363400
45.8188737093662 0.004696 0.568600 0.362800
45.9632485627798 0.007619 0.568900 0.362100
46.0681255854032 0.006674 0.569300 0.362000
46.1711005547019 0.009711 0.569600 0.361000
46.2831399251528 0.008925 0.570100 0.360800
46.3876636511253 0.009567 0.570300 0.360400
46.5148659793078 0.007075 0.571400 0.359500
46.6286693894875 0.006151 0.572200 0.359200
46.7314056677304 0.007787 0.572600 0.359000
46.834119576784 0.004868 0.573200 0.358700
46.9373993011991 0.006778 0.573600 0.358400
47.0483012257346 0.007214 0.574500 0.358000
47.1503950959236 0.004897 0.574900 0.357900
47.2529207287737 0.001951 0.575800 0.357900
47.3652521210877 0.006232 0.576300 0.357200
47.4676016215961 0.011725 0.577300 0.356600
47.5698295065793 0.006847 0.578500 0.356100
47.6700670263414 0.005986 0.578900 0.356300
47.7733215631075 0.006779 0.579300 0.356000
47.8752181210765 0.005888 0.579900 0.355600
47.9896170600315 0.002622 0.580500 0.355500
48.0910895307415 0.005913 0.581200 0.355100
48.212640245664 0.000000 0.581700 0.355100
48.3516577348712 0.006474 0.582400 0.354400
48.4610399167339 0.007314 0.582800 0.354000
48.56747230894 0.003758 0.583100 0.353600
48.6789410180982 0.010765 0.584200 0.353000
48.7896757470463 0.008128 0.585100 0.352300
48.895270683712 0.007576 0.585500 0.351900
49.0153292043483 0.006663 0.586300 0.351300
49.1335563707805 0.005075 0.586800 0.350700
49.2337602729782 0.005988 0.587400 0.350100
49.337486569643 0.007713 0.588100 0.349900
49.4394539657045 0.006865 0.588900 0.349600
49.5615654877676 0.006551 0.589600 0.349000
49.6906087364995 0.005425 0.590700 0.348500
49.7968376273387 0.006590 0.591000 0.348200
49.9031983256839 0.008462 0.591900 0.347300
50.020169396292 0.005129 0.592300 0.347700
50.1281360345561 0.007410 0.593000 0.346900
50.2335455710379 0.006641 0.593500 0.346400
50.3341806442815 0.005962 0.593400 0.346600
50.4487304368912 0.009603 0.593600 0.346100
50.5505026410154 0.003930 0.594200 0.345900
50.6635508897975 0.007077 0.595400 0.345300
50.7646471155341 0.005935 0.595900 0.345300
50.8674340165822 0.003892 0.596600 0.344900
50.9782915624311 0.006314 0.597700 0.344200
51.0818136813317 0.004830 0.598000 0.344500
51.1825334664793 0.003971 0.598400 0.344300
51.2957201565899 0.005301 0.599200 0.343700
51.3959979887051 0.008975 0.599500 0.343200
51.5121098981955 0.005167 0.600200 0.343000
51.6284515873713 0.006876 0.600700 0.342800
51.7287197523174 0.008976 0.601100 0.342100
51.8363573049473 0.003716 0.601900 0.341700
51.9448713851962 0.007372 0.602600 0.342100
52.048429821694 0.007725 0.603200 0.341300
52.1516916242233 0.010653 0.603700 0.340800
52.2541275876194 0.008786 0.604200 0.340100
52.3620237950985 0.001854 0.605000 0.339900
52.4624533997166 0.005974 0.605400 0.339900
52.5633526204202 0.008920 0.605900 0.339000
52.6702277841019 0.006550 0.606400 0.338500
52.7772118995415 0.000935 0.607200 0.339000
52.8779284127696 0.005957 0.607400 0.338800
52.9800725701576 0.005874 0.608200 0.338200
53.0851349230973 0.007615 0.608800 0.337600
53.1852944415282 0.012979 0.608900 0.336700
53.3108454819452 0.007168 0.609300 0.336200
53.4109160118347 0.002998 0.609700 0.335900
53.5181834905851 0.009322 0.610000 0.335500
53.6195090640022 0.002961 0.610400 0.335800
53.7217800730566 0.010756 0.610900 0.335100
53.8263429982443 0.005738 0.611600 0.334900
53.9457354385127 0.006701 0.612000 0.334300
54.0620489978636 0.003439 0.612600 0.333900
54.1660343033373 0.007693 0.613100 0.333500
54.2761367917286 0.008174 0.614100 0.333200
54.3783292747836 0.001957 0.615200 0.333200
54.4792925044778 0.008914 0.615900 0.332700
54.5834777028485 0.002879 0.616400 0.332600
54.6843405228272 0.005949 0.616600 0.332600
54.785996844756 0.004919 0.617400 0.332700
54.8922086608731 0.007532 0.617900 0.332100
55.0011286511992 0.003672 0.618400 0.331700
55.1115893335834 0.004526 0.619100 0.331400
55.225267833295 0.011436 0.619900 0.331100
55.3274574654676 0.005871 0.620400 0.330700
55.4303514026809 0.008747 0.621000 0.330200
55.5451247707796 0.006970 0.621500 0.330200
55.6976290829247 0.005246 0.621800 0.329600
55.8033961044388 0.003782 0.622200 0.329400
55.9079786854498 0.006693 0.622400 0.328900
56.009932076736 0.006866 0.623400 0.328600
56.1516567135777 0.005645 0.623600 0.328200
56.2539713973259 0.005864 0.624200 0.328000
56.3619253695627 0.003705 0.624600 0.328000
56.4782567327554 0.004298 0.624900 0.328100
56.6048930086433 0.003948 0.625000 0.328000
56.7149962344791 0.005449 0.625400 0.328000
56.8221339604597 0.006534 0.625600 0.327700
56.9270545457366 0.008578 0.626000 0.327000
57.0312712943394 0.002879 0.626400 0.326700
57.1322787919601 0.004950 0.626900 0.327000
57.246586090224 0.006124 0.627400 0.326700
57.3468602126656 0.002992 0.627900 0.326600
57.4583162223917 0.004486 0.628200 0.326500
57.5863207711471 0.003125 0.628600 0.326300
57.6897424201161 0.006768 0.628900 0.325800
57.7903065058346 0.003978 0.629200 0.325400
57.9047202568379 0.002622 0.629600 0.325300
58.0068784065456 0.004894 0.630100 0.325400
58.1328304058526 0.002382 0.630400 0.325900
58.2492128568026 0.006015 0.630700 0.325600
58.3536296544555 0.002873 0.631100 0.325500
58.4590026305586 0.008541 0.631900 0.324600
58.5681363968705 0.004582 0.632300 0.324300
58.6698451167119 0.004916 0.633000 0.324000
58.7702643431041 0.004979 0.633900 0.323700
58.8728223111942 0.006825 0.634300 0.323400
58.9919552869026 0.003358 0.634600 0.323200
59.0938667263269 0.005887 0.635100 0.323000
59.2101508943857 0.006020 0.635200 0.322900
59.3156696411375 0.003791 0.635600 0.322700
59.4203572715389 0.003821 0.636200 0.322700
59.5344160723695 0.001753 0.636700 0.322700
59.6372567848781 0.005834 0.636800 0.322300
59.7528967050449 0.003459 0.637000 0.322100
59.8561190602543 0.002906 0.637400 0.322200
59.9565310619563 0.007967 0.638000 0.321800
60.0569131142055 0.001992 0.638900 0.321800
60.1786805846854 0.002464 0.639700 0.321500
60.2875362180252 0.006431 0.640000 0.321000
60.3967469677982 0.003663 0.640300 0.320800
60.5012074173119 0.001915 0.640600 0.321000
60.6522418355592 0.001324 0.641400 0.320800
60.7604028901579 0.002774 0.642200 0.320500
60.8817285019626 0.004121 0.643300 0.320200
61.0130489398307 0.003046 0.643900 0.320000
61.1237795087082 0.001806 0.644400 0.320200
61.2248264733969 0.006927 0.644600 0.320100
61.3251164998471 0.005983 0.644900 0.319900
61.4276390320602 0.004877 0.645000 0.319400
61.5317934327353 0.001920 0.645600 0.319200
61.6480221102754 0.000860 0.646400 0.319100
61.748514900434 0.002985 0.647200 0.318800
61.8811143532573 0.000754 0.647600 0.319300
61.9830585117331 0.001962 0.648000 0.319300
62.0860787637998 0.005824 0.648300 0.318700
62.2115678436408 0.001594 0.648700 0.318700
62.3212606907532 0.005470 0.649200 0.318300
62.4356584475823 0.001748 0.649600 0.318100
62.5675379009919 0.007583 0.650000 0.317500
62.681083202285 0.007046 0.650600 0.317100
62.8041519466321 0.002438 0.651000 0.317000
62.9125990351531 0.001844 0.651300 0.317000
63.0169233297998 0.007668 0.651600 0.316400
63.1503925703348 0.004495 0.652200 0.316200
63.2575168594687 0.002800 0.652800 0.315900
63.3607469573773 0.002906 0.653000 0.316000
63.4938843126499 0.005258 0.652900 0.315700
63.6144519143771 0.002488 0.653200 0.315600
63.7169472378014 0.001951 0.653800 0.315400
63.8523374828469 0.000000 0.654300 0.315400
63.9537232765556 0.000000 0.654900 0.315400
64.057219382335 0.002899 0.655200 0.315500
64.159857008213 0.005846 0.655500 0.315100
64.2755568251829 0.003457 0.655900 0.314700
64.3846069105403 0.004585 0.656400 0.314200
64.5078589731978 0.000811 0.657100 0.314300
64.6400155463965 0.000757 0.657400 0.314400
64.744568321651 0.003826 0.657500 0.314200
64.8519450991107 0.000931 0.658100 0.314100
64.9633403293632 0.004489 0.658300 0.313800
65.0664227783471 0.002910 0.658900 0.313500
65.1674018608683 0.001981 0.659100 0.313500
65.3571365991644 0.000527 0.659400 0.313400
65.4682933354504 0.002699 0.659600 0.313300
65.5724584855273 0.000960 0.660000 0.313200
65.6981848070415 0.003182 0.660400 0.313000
65.8005282651361 0.001954 0.660500 0.313000
65.9261919238521 0.001592 0.660800 0.312800
66.0313909676958 0.000951 0.661200 0.312900
66.1424930763326 0.004500 0.661500 0.312600
66.2582594283567 0.001728 0.662300 0.312400
66.4452635169606 0.002674 0.662600 0.311900
66.5536334228267 0.000923 0.663000 0.312000
66.6594022462728 0.001891 0.663300 0.311800
66.786377134236 0.003150 0.663600 0.311400
66.9205325421368 0.002982 0.663800 0.311000
67.0358691866846 0.002601 0.664300 0.310700
67.1371057497938 0.003951 0.664800 0.310500
67.2719006189245 0.002226 0.664900 0.310200
67.3823238526163 0.000906 0.665500 0.310100
67.5401141007393 0.002535 0.666600 0.309700
67.6411015059969 0.004951 0.666900 0.309200
67.7431901365445 0.000000 0.667400 0.309200
67.8495664468814 0.001880 0.667600 0.309200
67.9677774040905 0.003384 0.667700 0.308800
68.1437574842604 0.000000 0.667900 0.308800
68.2676188148534 0.002422 0.668100 0.308500
68.3877200565945 0.000000 0.668500 0.308500
68.4877950949105 0.000999 0.668800 0.308400
68.5989263052971 0.001800 0.669000 0.308200
68.7641664519899 0.003026 0.669200 0.308300
68.870579410035 0.005638 0.669200 0.307900
68.9793430322309 0.002758 0.669500 0.307800
69.083697013002 0.001917 0.669500 0.308200
69.186060411372 0.001954 0.669700 0.308000
69.3075679014167 0.003292 0.669600 0.307800
69.4083740124299 0.000992 0.670300 0.307900
69.5198933597688 0.002690 0.670400 0.308000
69.660515283964 0.000711 0.670500 0.308100
69.8675070625619 0.000483 0.670600 0.308400
70.0178052048194 0.000665 0.670700 0.308300
70.1350618923729 0.000853 0.671200 0.308200
70.3218376547116 0.001071 0.671600 0.308000
70.4352106090824 0.000882 0.672000 0.307900
70.5387610372827 0.003863 0.672300 0.307500
70.6606998855997 0.003280 0.672300 0.307300
70.7818096056301 0.004128 0.672700 0.306800
70.8914248629433 0.000912 0.673000 0.306700
71.0315808057072 0.002140 0.673100 0.306400
71.222396955258 0.000524 0.673400 0.306300
71.3459015090955 0.000810 0.673600 0.306200
71.4602856872126 0.003497 0.673400 0.306200
71.5788156485004 0.005062 0.673500 0.306200
71.7248083555776 0.000685 0.673800 0.306100
71.8544998815555 0.002313 0.673700 0.306000
71.9589680569562 0.000957 0.674000 0.305900
72.0684002480693 0.001828 0.674300 0.305700
72.1856778283861 0.004263 0.674700 0.305400
72.2883300038949 0.000974 0.675200 0.305300
72.422307309917 0.001493 0.675600 0.305100
72.527367270473 0.004759 0.675900 0.304600
72.6310491040008 0.001929 0.676100 0.304400
72.7518118132161 0.001656 0.676200 0.304200
72.8809900513518 0.002322 0.676200 0.304100
72.983059101432 0.001959 0.676200 0.304300
73.0953789053213 0.004452 0.676500 0.304000
73.2037588276114 0.000000 0.676700 0.304000
73.3400797431635 0.001467 0.676800 0.303800
73.452892533789 0.001773 0.677100 0.304000
73.5827171207485 0.001541 0.677700 0.303800
73.8188243652639 0.001271 0.677900 0.303700
73.9307157843086 0.000894 0.678100 0.303600
74.0396899457032 0.000918 0.678300 0.303500
74.1452022373963 0.001896 0.678600 0.303300
74.2807711753727 0.001475 0.678900 0.303100
74.3933764167026 0.001776 0.679100 0.302900
74.5591827515579 0.001206 0.679400 0.302700
74.6728754700948 0.003518 0.679700 0.302500
74.7951225782556 0.001636 0.679900 0.302300
74.9222657131424 0.001573 0.680000 0.302100
75.0470225587678 0.002405 0.680300 0.301800
75.193385513697 0.001366 0.680900 0.301600
75.3140328673838 0.000829 0.681200 0.301500
75.5244552920706 0.000475 0.681400 0.301400
75.7371677308497 0.000470 0.681500 0.301300
75.892475131875 0.000644 0.681700 0.301400
76.0433692590341 0.000000 0.682200 0.301400
76.1456908737751 0.001955 0.682100 0.301400
76.2742909888476 0.003110 0.682500 0.301000
76.419472404499 0.002755 0.682800 0.300600
76.5415581008531 0.000819 0.683000 0.300500
76.6577418829806 0.002582 0.683200 0.300200
76.8470152328155 0.001057 0.683300 0.300000
76.9586467363322 0.003583 0.683100 0.300000
77.0612033090093 0.002925 0.683500 0.299700
77.2217025844619 0.001246 0.683700 0.299700
77.3452205593477 0.000000 0.684200 0.299700
77.4652194719054 0.001667 0.684300 0.299900
77.6609044312503 0.002555 0.684400 0.299400
77.7943962145673 0.002247 0.684300 0.299300
77.9204778334777 0.001586 0.684400 0.299100
78.0302113720551 0.002734 0.684500 0.298800
78.1327582670471 0.004876 0.684600 0.298500
78.2856643762484 0.002616 0.684400 0.298500
78.4249698767105 0.001436 0.684400 0.298500
78.572920697557 0.002028 0.684600 0.298200
78.6970275503393 0.000806 0.684800 0.298100
78.856535325682 0.000627 0.684900 0.298200
78.961104196694 0.004782 0.685400 0.297700
79.1109498931965 0.000000 0.685600 0.297900
79.2128861224461 0.001962 0.685900 0.297700
79.3174896335827 0.002868 0.686100 0.297600
79.4445517873614 0.001574 0.686700 0.297400
79.573521459439 0.001551 0.687200 0.297200
79.6919223936717 0.002534 0.687200 0.297100
79.840964871793 0.003355 0.687000 0.297000
80.0033894345848 0.002463 0.687200 0.296800
80.1740944786618 0.000000 0.687600 0.296800
80.2822010094829 0.003700 0.687700 0.296400
80.4193817055352 0.002916 0.687800 0.296200
80.5276126132145 0.001848 0.688300 0.296000
80.6778449650436 0.003994 0.688200 0.295600
80.7859673543309 0.000925 0.688500 0.295500
80.8988708709294 0.001771 0.688600 0.295500
81.0015408468785 0.001948 0.689000 0.295300
81.1109191546632 0.003657 0.689100 0.294900
81.2682759972891 0.001271 0.689500 0.294700
81.3834699789886 0.000000 0.689600 0.294700
81.5520897693944 0.000593 0.689700 0.294600
81.6984106571327 0.000000 0.689900 0.294600
81.8522457725301 0.000650 0.690300 0.294500
82.0002311804505 0.000676 0.690500 0.294400
82.1347030781864 0.000000 0.690900 0.294400
82.2576589732964 0.004066 0.690600 0.294500
82.390921868459 0.000000 0.690800 0.294500
82.5841869973462 0.000517 0.691000 0.294400
82.7007050757535 0.000000 0.691300 0.294400
82.8328404049155 0.000757 0.691500 0.294300
82.9492399896562 0.002577 0.691400 0.294400
83.0643638266412 0.001737 0.691600 0.294400
83.1929245623882 0.001556 0.691800 0.294400
83.2946804719284 0.002948 0.692100 0.294100
83.4214860702418 0.002366 0.692400 0.293800
83.5353962929069 0.000000 0.692900 0.294000
83.6379535358818 0.001950 0.693300 0.293800
83.781584620787 0.000696 0.693600 0.293700
83.9479876983305 0.001803 0.693500 0.293600
84.0654408289823 0.001703 0.693600 0.293400
84.1771338187281 0.003581 0.693700 0.293200
84.3106461699887 0.000749 0.693900 0.293100
84.4278554782382 0.002560 0.693900 0.293000
84.5841574320571 0.002559 0.694000 0.292600
84.7388158152932 0.001293 0.694000 0.292800
84.8826854353166 0.001390 0.694300 0.292600
85.0631858078718 0.000000 0.694500 0.292600
85.2130940639757 0.000667 0.694600 0.292700
85.3198508050186 0.000937 0.694700 0.292600
85.4495042053342 0.003085 0.694900 0.292200
85.5876764252119 0.000000 0.695200 0.292200
85.7331478451412 0.000000 0.695500 0.292200
85.8865308587607 0.000000 0.695600 0.292200
86.0399273819366 0.001956 0.695900 0.291900
86.1465984819683 0.000937 0.696300 0.291800
86.2704802720178 0.000000 0.696600 0.291800
86.4043339964197 0.001494 0.696900 0.291600
86.5780446896119 0.000576 0.697100 0.291500
86.6950206217068 0.000855 0.697200 0.291400
86.8350965990598 0.000714 0.697400 0.291300
86.9913418269472 0.003840 0.697300 0.291100
87.1069371649903 0.000000 0.697500 0.291300
87.3159251914308 0.000957 0.698100 0.291300
87.4181103005917 0.001957 0.698300 0.291300
87.5300600113435 0.001787 0.698300 0.291300
87.7183861391391 0.001062 0.698600 0.291100
87.8459486507551 0.001568 0.698800 0.291100
87.95503352099 0.002750 0.698900 0.290800
88.3732053119555 0.000239 0.699000 0.290900
88.5014080386344 0.002340 0.699600 0.290600
88.6177147723672 0.000860 0.699800 0.290500
88.733212145858 0.000866 0.699900 0.290400
88.8753460606847 0.000704 0.700000 0.290300
88.976863233781 0.001970 0.700100 0.290100
89.1586448740504 0.001100 0.700200 0.289900
89.3481910814894 0.000528 0.700400 0.289800
89.5753448493634 0.000880 0.700600 0.289600
89.7172946675067 0.000704 0.700800 0.289500
89.8463415199543 0.002325 0.700900 0.289400
89.9705041794377 0.003222 0.700800 0.289400
90.1051406884373 0.000743 0.700900 0.289300
90.2923465967458 0.001068 0.701200 0.289100
90.5878935087422 0.000000 0.701300 0.289100
90.7760569328402 0.001594 0.701600 0.288800
90.8776787674256 0.002952 0.701600 0.288700
91.011241867804 0.000000 0.701700 0.288700
91.2028699785861 0.001044 0.702000 0.288700
91.3399557566165 0.000729 0.702200 0.288600
91.5112415275952 0.002335 0.702000 0.288400
91.6920501455714 0.001659 0.702000 0.288300
91.7926693171059 0.003975 0.702000 0.287900
92.0557774585996 0.000380 0.702000 0.288000
92.2003922858527 0.001383 0.702300 0.287800
92.4312292253848 0.000866 0.702400 0.287600
92.6626669125711 0.000000 0.702600 0.287800
92.8195300516384 0.000637 0.702700 0.287700
93.0213019727209 0.000496 0.702600 0.287800
93.1283788422343 0.000934 0.702800 0.287700
93.3110177011065 0.000000 0.703000 0.287700
93.4407785299847 0.002312 0.702900 0.287600
93.6071569090051 0.001803 0.702800 0.287500
93.7750731055622 0.000000 0.703000 0.287500
93.9054708323785 0.000767 0.703000 0.287400
94.0499469744601 0.001384 0.703400 0.287200
94.2597800739065 0.000477 0.703500 0.287100
94.4701470233454 0.000475 0.703700 0.287000
94.5913547534697 0.002475 0.703800 0.286900
94.7509449154155 0.000627 0.704000 0.286800
94.8664937573342 0.001731 0.704100 0.286600
95.0347548022524 0.000594 0.704400 0.286500
95.146072655574 0.000898 0.704500 0.286400
95.2561641715104 0.001817 0.704800 0.286200
95.4696133846879 0.000468 0.704900 0.286100
95.6603810092077 0.000524 0.705100 0.286000
95.765596099159 0.000950 0.705300 0.285900
95.8966814818738 0.000763 0.705500 0.285800
96.0529824132231 0.000640 0.705600 0.285900
96.1808073206243 0.002347 0.705700 0.285800
96.303501252547 0.000815 0.706200 0.285700
96.5701157390048 0.000000 0.706300 0.285700
96.6971794611123 0.000787 0.706500 0.285600
97.0224635646409 0.000307 0.706700 0.285500
97.1348974777344 0.000889 0.706700 0.285400
97.2401232687542 0.001901 0.706900 0.285400
97.4028406427899 0.001844 0.707000 0.285100
97.5877774855595 0.000541 0.707300 0.285000
97.7229483124084 0.001480 0.707100 0.285000
97.8345259725489 0.002689 0.707100 0.284900
97.9528365305351 0.000845 0.707200 0.284800
98.1314328370762 0.000560 0.707200 0.284700
98.2784171829364 0.000000 0.707400 0.284700
98.3961102989417 0.000850 0.707500 0.284600
98.5902597099717 0.001545 0.707600 0.284500
98.7320732796885 0.000705 0.707800 0.284400
98.9605272595161 0.000000 0.707900 0.284400
99.1235554207331 0.000613 0.708000 0.284300
99.2473399536333 0.002424 0.708000 0.284200
99.3509099698327 0.000000 0.708300 0.284200
99.6888190768113 0.000000 0.708400 0.284200
99.8046085320057 0.000864 0.708600 0.284100
99.9169852550617 0.000890 0.708800 0.284000
100.060183131823 0.000000 0.709100 0.284000
100.189083411169 0.000000 0.709300 0.284000
100.509833492438 0.000312 0.709500 0.283900
100.614866869694 0.000952 0.709500 0.283800
100.75234613435 0.001455 0.709700 0.283600
100.880957647584 0.000778 0.709800 0.283900
101.105209541797 0.000000 0.709900 0.283900
101.280535441385 0.001141 0.710000 0.283700
101.497512732646 0.000461 0.710000 0.283800
101.608276361942 0.001806 0.710100 0.283800
101.801257638138 0.000000 0.710200 0.283800
102.114158447031 0.000000 0.710300 0.283800
102.216074565338 0.000000 0.710500 0.283800
102.332945671332 0.001711 0.710600 0.283600
102.452783576784 0.000000 0.710700 0.283600
102.553075399718 0.000997 0.710800 0.283500
102.678265212902 0.001598 0.710900 0.283300
102.814651032317 0.000000 0.711100 0.283300
102.98846086043 0.000575 0.711300 0.283200
103.184470450528 0.000510 0.711300 0.283100
103.382836496801 0.001512 0.711600 0.282800
103.503968935009 0.000000 0.711700 0.282800
103.612814816763 0.000000 0.711800 0.282800
103.794629170492 0.000550 0.711800 0.282700
103.904493860052 0.001820 0.711800 0.282500
104.054777994642 0.000000 0.712000 0.282500
104.33646451679 0.001420 0.711700 0.282500
104.451121421818 0.000872 0.711800 0.282400
104.683328475057 0.000431 0.711800 0.282300
105.018118436277 0.000299 0.712000 0.282200
105.145356955433 0.000786 0.712200 0.282100
105.284645370999 0.000718 0.712300 0.282000
105.397128594573 0.000889 0.712300 0.281900
105.53822651449 0.000709 0.712500 0.281800
105.671666568681 0.000000 0.712600 0.281800
105.847119011476 0.000570 0.712700 0.281700
106.01793681352 0.000585 0.712700 0.281600
106.127204505103 0.000915 0.712800 0.281500
106.263989329272 0.000731 0.712900 0.281400
106.410137063624 0.000684 0.713100 0.281500
106.606064540091 0.000510 0.713400 0.281400
106.75834465289 0.000000 0.713700 0.281400
106.886095331536 0.000000 0.713800 0.281400
107.029350791289 0.000000 0.713900 0.281400
107.353033045744 0.000000 0.714100 0.281400
107.500893321771 0.000000 0.714300 0.281400
107.611023872213 0.000908 0.714600 0.281300
107.815718258431 0.000489 0.714600 0.281200
107.940344858305 0.001605 0.714700 0.281000
108.153991999317 0.000468 0.714800 0.280900
108.294695471669 0.000000 0.714900 0.280900
108.814282667941 0.000000 0.715000 0.280900
109.007454862924 0.000000 0.715100 0.280900
109.13977837275 0.000000 0.715300 0.280900
109.296993099885 0.000636 0.715300 0.280800
109.448154014605 0.000662 0.715300 0.280700
109.64676826141 0.000503 0.715500 0.280600
109.776205054352 0.000000 0.715600 0.280600
109.969536555419 0.000000 0.715800 0.280600
110.307871973584 0.000591 0.715700 0.280600
110.418099684161 0.000000 0.715800 0.280600
110.855889258893 0.000228 0.716000 0.280500
111.076590444024 0.000453 0.716100 0.280400
111.481346301444 0.000741 0.716100 0.280300
111.807207365209 0.000614 0.715900 0.280300
111.96132409543 0.000649 0.715900 0.280400
112.141706346856 0.000554 0.716200 0.280300
112.273338238727 0.000000 0.716400 0.280300
112.57811719767 0.000000 0.716500 0.280300
112.853129055951 0.000364 0.716600 0.280400
113.153469249459 0.000000 0.716700 0.280400
113.488446740417 0.000000 0.716800 0.280400
114.081501783836 0.000169 0.716800 0.280300
114.259259147876 0.000563 0.716900 0.280200
114.608990165366 0.000000 0.717000 0.280200
115.006710759987 0.000251 0.717100 0.280100
115.15707415119 0.000665 0.717100 0.280000
115.284747070958 0.000783 0.717200 0.279900
115.909740644201 0.000160 0.717200 0.280000
116.270962284976 0.000000 0.717300 0.280000
116.547138636561 0.000000 0.717500 0.280000
116.66382926836 0.000000 0.717600 0.280000
116.773733735796 0.000910 0.717600 0.279900
117.170833428499 0.000252 0.717500 0.280000
117.307460626921 0.000000 0.717600 0.280000
117.930640643784 0.000000 0.717700 0.280000
118.223500798242 0.000000 0.717900 0.280000
118.656743219385 0.000000 0.718000 0.280000
119.057109387849 0.000250 0.718100 0.279900
119.224073679038 0.000599 0.718100 0.279800
119.462284520136 0.000420 0.718300 0.279700
119.654819969512 0.000519 0.718300 0.279600
120.311720143915 0.000000 0.718400 0.279600
120.577698540822 0.000376 0.718500 0.279500
120.800762123554 0.000000 0.718700 0.279500
121.31367492619 0.000000 0.718800 0.279500
121.623252226013 0.000000 0.718900 0.279500
121.861556224147 0.000420 0.718900 0.279400
121.984518988817 0.000813 0.719000 0.279300
122.82903506447 0.000118 0.719000 0.279200
123.310931463312 0.000415 0.719000 0.279000
124.000929155531 0.000290 0.719200 0.279000
124.201000295365 0.000500 0.719200 0.278900
124.429334536156 0.000000 0.719400 0.278900
124.735020371019 0.000000 0.719500 0.278900
124.854931340617 0.000000 0.719700 0.278900
125.184678165007 0.000000 0.719800 0.278900
125.679946873195 0.000404 0.719900 0.278700
126.052336861161 0.000000 0.720000 0.278700
126.171170805927 0.000000 0.720100 0.278700
127.082352684629 0.000219 0.720100 0.278500
127.455296966717 0.000268 0.720100 0.278400
127.647467887846 0.000520 0.720300 0.278300
127.941245436679 0.000340 0.720300 0.278200
128.116197759398 0.000572 0.720400 0.278100
128.4413893741 0.000308 0.720400 0.278000
128.578523433715 0.000000 0.720500 0.278000
130.232896812801 0.000000 0.720700 0.278000
130.428310271779 0.000512 0.720700 0.277900
131.809927960694 0.000000 0.720800 0.277900
132.420552800262 0.000000 0.720900 0.277900
132.677267210607 0.000000 0.721000 0.277900
132.99372910489 0.000000 0.721100 0.277900
133.441528969176 0.000223 0.721100 0.277800
133.724557284752 0.000000 0.721200 0.277800
134.488100839066 0.000000 0.721300 0.277800
135.018973077166 0.000000 0.721400 0.277800
136.337258555732 0.000000 0.721500 0.277800
137.219505838999 0.000113 0.721700 0.277700
137.454619454972 0.000425 0.721700 0.277600
138.252856960993 0.000376 0.721500 0.277500
138.649097555335 0.000252 0.721500 0.277400
139.368015643482 0.000000 0.721600 0.277400
140.082785953449 0.000140 0.721500 0.277500
140.346511949666 0.000000 0.721700 0.277500
140.856254668209 0.000196 0.721800 0.277400
142.316929282646 0.000068 0.721900 0.277300
142.856831548221 0.000000 0.722000 0.277300
143.372897486573 0.000000 0.722100 0.277300
144.054467597358 0.000147 0.722200 0.277200
145.044990564739 0.000101 0.722200 0.277100
145.656868852372 0.000000 0.722400 0.277100
147.111029139892 0.000069 0.722400 0.277000
149.122843567725 0.000000 0.722500 0.277000
150.999227518318 0.000053 0.722500 0.276900
151.458894356761 0.000218 0.722500 0.276800
151.699752949188 0.000415 0.722500 0.276700
152.143694144114 0.000000 0.722600 0.276700
152.710577887522 0.000000 0.722700 0.276700
154.049661697327 0.000075 0.722800 0.276600
154.302170062374 0.000396 0.723000 0.276500
154.622588980719 0.000000 0.723100 0.276500
154.883304703322 0.000384 0.723100 0.276400
156.311505112253 0.000000 0.723200 0.276400
157.155348828696 0.000000 0.723300 0.276400
162.017911915068 0.000000 0.723400 0.276400
162.249006918567 0.000000 0.723500 0.276400
inf 0.000000 0.723600 0.276400
inf 0.000000 0.723600 0.276400
