0 0.000000 0.000000 0.000000
0.100185014807464 0.116784 0.025400 0.095900
0.200386154737426 0.212572 0.038800 0.155000
0.300454605057591 0.217851 0.046900 0.193000
0.400677065959575 0.243458 0.049100 0.225200
0.500727886100016 0.263866 0.052400 0.247800
0.601177623603439 0.232952 0.057400 0.266800
0.701386940179526 0.192597 0.062600 0.279300
0.801395103214547 0.202983 0.068000 0.291200
0.901831554979453 0.187183 0.073800 0.302200
1.0018904196286 0.181893 0.081400 0.309600
1.10189227357238 0.153997 0.086800 0.319600
1.20204335593191 0.176733 0.092600 0.321900
1.30217457065151 0.175769 0.098800 0.328700
1.40240630067574 0.153644 0.106300 0.330500
1.50287742927371 0.173184 0.111600 0.332500
1.60372570430196 0.146755 0.117800 0.336700
1.7043545755296 0.134156 0.126400 0.338200
1.80438757262356 0.125958 0.132800 0.338600
1.90526719667623 0.119945 0.139000 0.341700
2.00545069327163 0.146731 0.144400 0.342200
2.10567032739861 0.135702 0.149200 0.343600
2.2062301263844 0.138226 0.156800 0.342300
2.30646502262201 0.124707 0.165300 0.340800
2.40654656554859 0.126897 0.171800 0.338900
2.50667547764601 0.136824 0.178100 0.338600
2.60747655020098 0.109126 0.184100 0.338000
2.70769629329902 0.103772 0.190000 0.337200
2.80797447752975 0.143601 0.195100 0.332800
2.90842843551703 0.121449 0.202500 0.328000
3.00860196580159 0.095834 0.209900 0.327200
3.10974959781841 0.119627 0.216800 0.324900
3.21100185364845 0.092837 0.224200 0.322500
3.31151982574255 0.108438 0.230300 0.320000
3.41299605710908 0.116283 0.235200 0.318200
3.51354185312915 0.079566 0.243000 0.317000
3.61384627143258 0.094712 0.250200 0.314500
3.71483528332675 0.087138 0.257700 0.312300
3.81497861912822 0.107845 0.264400 0.308900
3.91512112515172 0.100856 0.270300 0.305200
4.01529870572013 0.107809 0.277200 0.301800
4.11637597966572 0.092998 0.285300 0.299200
4.21640304120226 0.096974 0.292100 0.295700
4.31677091011713 0.095648 0.301800 0.290500
4.41746069547434 0.077466 0.309900 0.289700
4.51847138718146 0.076230 0.317500 0.287200
4.61866299046858 0.090826 0.325300 0.284300
4.71869336272671 0.074977 0.331700 0.282200
4.81889489687849 0.072853 0.339800 0.280900
4.91901776064149 0.094883 0.345700 0.277800
5.01919004292504 0.060895 0.353500 0.275900
5.12026785605639 0.074200 0.360000 0.272000
5.22030673625536 0.096962 0.366800 0.269300
5.32035637511494 0.087956 0.374400 0.265700
5.42078540340945 0.070697 0.382000 0.262800
5.52382597182945 0.078610 0.389200 0.259700
5.62406330531935 0.063848 0.396400 0.257100
5.72527733313548 0.065208 0.402800 0.255100
5.82594278852867 0.081458 0.409400 0.251300
5.9263840754766 0.067701 0.416600 0.247700
6.02752080419048 0.065258 0.423000 0.244900
6.12766982816812 0.056915 0.428200 0.243000
6.22832838003959 0.059607 0.434900 0.241000
6.3295367613539 0.055331 0.440200 0.238400
6.43012610458161 0.052689 0.446200 0.237100
6.53068298263301 0.064640 0.453000 0.233600
6.63122479352863 0.053709 0.459600 0.231600
6.73123260175151 0.074994 0.466000 0.228500
6.83180477588264 0.045738 0.472400 0.225500
6.93294318924473 0.047460 0.480600 0.222900
7.03352486545168 0.055676 0.487600 0.220900
7.13391084355391 0.048812 0.494900 0.218200
7.23534172626949 0.045351 0.501300 0.217200
7.33600546796163 0.064571 0.507200 0.212500
7.4409299661911 0.060996 0.514500 0.209700
7.54137914947016 0.046790 0.521300 0.207200
7.6414281017826 0.052974 0.527900 0.205100
7.74356487017589 0.050912 0.534100 0.203100
7.84366001051196 0.043958 0.540300 0.202500
7.94467923851861 0.051475 0.545300 0.199700
8.04726748084786 0.047764 0.551000 0.197200
8.1482943362868 0.032665 0.556800 0.195500
8.24959745965205 0.049357 0.560000 0.193500
8.34992097914836 0.048842 0.564600 0.191200
8.45032116388281 0.050797 0.568300 0.189100
8.55124033634777 0.047563 0.574100 0.186100
8.65151431651976 0.029918 0.579500 0.185100
8.75181735366609 0.040876 0.585500 0.184000
8.85355206129924 0.043250 0.591800 0.181400
8.95370326252824 0.051921 0.597100 0.179400
9.05518764457909 0.035473 0.601900 0.178000
9.15521464241695 0.038989 0.608300 0.175700
9.25642771900758 0.029640 0.613900 0.174500
9.35961896302558 0.038763 0.617900 0.172900
9.46015569278214 0.036802 0.624100 0.170800
9.5606178130969 0.043798 0.628300 0.167800
9.66192653990734 0.035535 0.633300 0.166200
9.76277447065102 0.023798 0.638600 0.165200
9.86290527249077 0.037950 0.642000 0.163800
9.96393561669979 0.026725 0.646500 0.163900
10.065065057705 0.028676 0.650700 0.162600
10.1652838801072 0.028937 0.654900 0.161700
10.2657455539503 0.014931 0.658500 0.161000
10.3692193068169 0.019329 0.662600 0.159600
10.4703689976208 0.031636 0.667900 0.157400
10.5708837301982 0.037805 0.671900 0.155600
10.6709736792271 0.026976 0.677700 0.154300
10.7743675529666 0.020311 0.680500 0.152800
10.8794817380282 0.018076 0.684500 0.151500
10.980044280626 0.018894 0.689400 0.150200
11.081640157159 0.012796 0.693400 0.149700
11.1827281898315 0.023742 0.697200 0.147900
11.2844046880408 0.030489 0.701300 0.146000
11.3854744247718 0.022757 0.704800 0.144700
11.4901269405984 0.026755 0.709200 0.143300
11.5918149370887 0.031469 0.711300 0.142500
11.6920981200764 0.019944 0.714500 0.141300
11.7923883995545 0.023931 0.718300 0.140100
11.8925394876722 0.014977 0.721800 0.139600
11.9938300049867 0.014809 0.725600 0.138900
12.0941803176538 0.020927 0.727900 0.137800
12.1961483763918 0.016672 0.732100 0.136300
12.2963889358479 0.023942 0.735400 0.134900
12.4032042189918 0.012171 0.739800 0.134200
12.5044437929485 0.016792 0.743200 0.133700
12.6047513573946 0.017945 0.746700 0.133100
12.7083492755671 0.012549 0.750300 0.132200
12.8095757040985 0.012842 0.753900 0.131900
12.9099226300318 0.017938 0.757300 0.130700
13.0120149265426 0.019590 0.760100 0.128900
13.1149896360477 0.016509 0.762500 0.128000
13.2194172350316 0.021067 0.764900 0.127000
13.3201040410447 0.019864 0.767000 0.126000
13.420766116333 0.017882 0.770400 0.124400
13.5301343167472 0.017373 0.774100 0.122900
13.6323378527387 0.010763 0.775700 0.122400
13.7329270719474 0.016900 0.777500 0.121500
13.8353712666863 0.013666 0.780400 0.120300
13.9415928686255 0.012239 0.782000 0.120400
14.0448110748339 0.011626 0.785000 0.119400
14.1451451847598 0.011960 0.786900 0.118400
14.2494541404866 0.018215 0.789000 0.117300
14.3541586310199 0.006685 0.791000 0.117000
14.4542546303573 0.013987 0.793100 0.116000
14.5568384792196 0.008773 0.795600 0.115500
14.6587327478545 0.010796 0.798400 0.114400
14.7664920775086 0.015776 0.800000 0.113500
14.8680462372897 0.014770 0.802800 0.112200
14.9711212911034 0.007761 0.805200 0.111600
15.0756621240966 0.011479 0.807000 0.110600
15.1767907329455 0.013844 0.810000 0.109600
15.278560213947 0.006878 0.812300 0.109300
15.3812916881517 0.008761 0.814300 0.108600
15.4822797625925 0.008912 0.816400 0.108300
15.5831806583427 0.018830 0.818100 0.107800
15.6837841780231 0.010934 0.820000 0.107500
15.7877948422506 0.007692 0.822000 0.106900
15.8878705828051 0.002998 0.824600 0.106800
15.9945642029393 0.010310 0.826100 0.106100
16.1050646138936 0.011765 0.828200 0.105800
16.205666974725 0.006958 0.830400 0.105500
16.3082153607588 0.011702 0.832300 0.104900
16.4098457402504 0.009840 0.833600 0.104500
16.5104063285978 0.003978 0.835500 0.104500
16.6119494850699 0.007878 0.837700 0.103700
16.7137459779466 0.010806 0.838500 0.103400
16.8161675728011 0.003905 0.840100 0.103200
16.9170676295035 0.006938 0.841700 0.102700
17.0173465112155 0.002992 0.843400 0.102400
17.1266839731325 0.006402 0.844400 0.102100
17.2289123381702 0.002935 0.846200 0.101800
17.3295217274908 0.004970 0.847800 0.101300
17.4307311043116 0.008892 0.849000 0.100600
17.5343612126541 0.004825 0.849700 0.100500
17.637219134379 0.003889 0.851600 0.100100
17.743401819015 0.004709 0.853300 0.099600
17.8436249126271 0.005987 0.854500 0.099200
17.9447974917678 0.002965 0.855900 0.099100
18.0645184878189 0.005012 0.857500 0.098700
18.1662978530243 0.008843 0.859300 0.097800
18.2690894040365 0.004864 0.860700 0.097300
18.3738055966511 0.008595 0.861300 0.096800
18.4741648500915 0.006975 0.862700 0.096300
18.5756642241359 0.002956 0.864300 0.096000
18.6780994136668 0.004881 0.865500 0.095500
18.7801505438844 0.001960 0.866500 0.095300
18.8815214673767 0.010851 0.867300 0.094800
18.9826718773118 0.004943 0.868400 0.094500
19.0862017179081 0.003864 0.869900 0.094100
19.1909184463438 0.005730 0.870700 0.093700
19.2920858423318 0.003954 0.871500 0.093500
19.3969300674105 0.007630 0.872500 0.092700
19.5006411801996 0.004821 0.873800 0.092600
19.6031930754004 0.007801 0.874500 0.091800
19.7050155768472 0.004911 0.875600 0.091900
19.8063778116111 0.003946 0.876400 0.092100
19.9097367339276 0.004838 0.877300 0.091800
20.0102363945201 0.002985 0.878300 0.091500
20.1144878967928 0.002878 0.879200 0.091200
20.2323855090659 0.005089 0.879600 0.090800
20.3368641795899 0.005743 0.881000 0.090400
20.4470066489897 0.005447 0.882600 0.090000
20.5620003709656 0.004348 0.883600 0.089500
20.6625739393221 0.007954 0.883900 0.088700
20.774691383155 0.003568 0.884200 0.088500
20.8784398190883 0.001928 0.884900 0.088500
20.9791893824256 0.000993 0.885700 0.088400
21.0837832610694 0.004780 0.886100 0.088100
21.2005283357994 0.003426 0.886700 0.087700
21.3134689922922 0.000885 0.887600 0.087600
21.4302170731008 0.003426 0.887700 0.087400
21.5332959979528 0.002910 0.888400 0.087500
21.634584860772 0.002962 0.889100 0.087400
21.7514171911241 0.002568 0.890000 0.087100
21.8522822887102 0.003966 0.890500 0.086900
21.9927630555413 0.002136 0.891500 0.086600
22.0967286095741 0.002886 0.892000 0.086500
22.2122130906046 0.001732 0.892700 0.086300
22.3127434834749 0.002984 0.893500 0.086000
22.4158007981505 0.005822 0.893900 0.085600
22.5199315503162 0.001921 0.894500 0.085600
22.6339123786608 0.004387 0.895000 0.085300
22.7350308176708 0.001978 0.895800 0.085100
22.8353603456842 0.002990 0.896100 0.085000
22.9513395840609 0.002587 0.896700 0.084700
23.0724385548636 0.000826 0.897600 0.084600
23.1738789136937 0.004929 0.898100 0.084300
23.3087294099545 0.001483 0.898700 0.084100
23.4107880171539 0.000000 0.899100 0.084100
23.5264167379808 0.003459 0.899400 0.084100
23.632690217639 0.002823 0.899700 0.084000
23.7488672998507 0.002582 0.900400 0.083900
23.8766228824459 0.003131 0.900900 0.083700
23.9798891489288 0.001937 0.901300 0.083500
24.0901153372755 0.001814 0.901200 0.083500
24.2195826559401 0.000000 0.901800 0.083500
24.326532461269 0.002805 0.902400 0.083400
24.4380664978856 0.000897 0.903000 0.083300
24.5479707341111 0.002730 0.903200 0.083200
24.6536664325264 0.000000 0.903800 0.083200
24.7639125589968 0.002721 0.904100 0.082900
24.888325503356 0.002411 0.904500 0.082600
25.0033172946645 0.001739 0.905100 0.082400
25.1234153219286 0.001665 0.905100 0.082800
25.2585071765937 0.000740 0.905500 0.082700
25.3994385845865 0.001419 0.906200 0.082500
25.5498172740161 0.000665 0.906800 0.082400
25.6662552096636 0.000859 0.907400 0.082300
25.7740653317817 0.001855 0.908100 0.082100
25.8793352925511 0.000950 0.908300 0.082000
26.028693823896 0.001339 0.908600 0.081800
26.1361580656047 0.000000 0.909100 0.081800
26.2445774969287 0.001845 0.909400 0.081600
26.3738814739719 0.000000 0.909600 0.081600
26.5105033288243 0.000732 0.909900 0.081500
26.6537048755321 0.002095 0.910200 0.081200
26.7663474065785 0.003551 0.910300 0.081000
26.9365714986801 0.000000 0.910600 0.081200
27.0438134283382 0.000932 0.910700 0.081300
27.1454004378389 0.000000 0.910800 0.081300
27.2851488233728 0.000716 0.911300 0.081200
27.5272915230877 0.000000 0.911400 0.081200
27.6584694557476 0.000000 0.911800 0.081200
27.7596970830014 0.002964 0.912200 0.080900
27.8738697047276 0.000876 0.912600 0.080800
28.0336690034798 0.002503 0.913000 0.080600
28.1980657086442 0.003041 0.913000 0.080100
28.3272825879705 0.000774 0.913100 0.080000
28.4753419659699 0.000000 0.913300 0.080000
28.5856281344889 0.000000 0.913400 0.080000
28.6936761181964 0.000926 0.913700 0.079900
28.8644089506302 0.000000 0.913900 0.079900
28.964455434801 0.001000 0.914000 0.079800
29.0916813020676 0.000000 0.914300 0.079800
29.2330146276196 0.000708 0.914600 0.079700
29.3614631532789 0.000779 0.914900 0.079600
29.5072981523133 0.002057 0.915000 0.079300
29.6581382606866 0.001989 0.915200 0.079200
29.8460638145144 0.001064 0.915300 0.079000
29.9873228893758 0.000000 0.915600 0.079000
30.1515864022469 0.000000 0.915900 0.079000
30.2544308825739 0.001945 0.916000 0.078800
30.3578917049604 0.000000 0.916100 0.078800
30.4978940943876 0.000000 0.916400 0.078800
30.6529380523879 0.000000 0.916700 0.078800
30.7753293056589 0.001634 0.917100 0.078600
30.9278349392593 0.000000 0.917200 0.078600
31.0410854807202 0.000000 0.917300 0.078600
31.3243804213028 0.000353 0.917500 0.078500
31.4265172618251 0.000979 0.917700 0.078600
31.5726614321016 0.000000 0.918000 0.078600
31.6968219963226 0.000805 0.918100 0.078500
31.9064372363467 0.000000 0.918300 0.078500
32.036474969168 0.000000 0.918400 0.078500
32.2398984893626 0.000000 0.918500 0.078500
32.3944134462131 0.000647 0.918600 0.078400
32.5072231736904 0.000886 0.918900 0.078300
32.6742542034264 0.000000 0.919100 0.078300
32.7996664219427 0.000000 0.919400 0.078300
32.901782398185 0.000000 0.919500 0.078300
33.2036628192188 0.000000 0.919600 0.078300
33.3875674773812 0.000000 0.919800 0.078300
33.5241354971792 0.000732 0.919900 0.078200
33.6263758263917 0.000000 0.920000 0.078200
33.8495566454821 0.000448 0.920100 0.078100
33.9915921337188 0.000704 0.920000 0.078200
34.1914081645341 0.000000 0.920100 0.078200
34.346774290182 0.000644 0.920200 0.078100
34.4901975159574 0.000697 0.920300 0.078000
34.6537843483655 0.000611 0.920400 0.077900
34.7603036031697 0.000939 0.920400 0.077800
35.1538422758703 0.000000 0.920600 0.077800
35.5676011591518 0.000000 0.920800 0.077800
36.1308111847828 0.000000 0.920900 0.077800
36.3351283315773 0.000489 0.921000 0.077700
36.4371258410481 0.000980 0.921100 0.077600
36.6377039942689 0.000499 0.921300 0.077500
37.2273605466306 0.000339 0.921100 0.077500
37.4580871122737 0.000000 0.921300 0.077500
37.7619406735026 0.000329 0.921300 0.077400
38.1044180373028 0.000292 0.921400 0.077300
38.3583188756717 0.000788 0.921200 0.077300
38.5152470701451 0.000637 0.921100 0.077400
39.0649988020782 0.000182 0.921200 0.077300
40.0101788829444 0.000000 0.921500 0.077300
40.2441154293714 0.000000 0.921600 0.077300
40.5201550773552 0.000000 0.921800 0.077300
40.8690462657635 0.000000 0.921900 0.077300
41.1421430248864 0.000366 0.921900 0.077200
41.4919412412465 0.000000 0.922000 0.077200
41.7132025729372 0.000000 0.922100 0.077200
41.8839346375665 0.000000 0.922200 0.077200
42.1161327306561 0.000000 0.922300 0.077200
43.4625785536137 0.000000 0.922500 0.077200
44.6379062146621 0.000000 0.922600 0.077200
48.324643413304 0.000000 0.922700 0.077200
inf 0.000000 0.922800 0.077200
inf 0.000000 0.922800 0.077200
