0 0.000000 0.000000 0.000000
0.100216907541455 0.091801 0.056400 0.045000
0.200943683326929 0.218413 0.096600 0.065400
0.301357299975488 0.237020 0.126700 0.078200
0.401754365993201 0.229090 0.161800 0.080000
0.501776756618597 0.280937 0.186500 0.081900
0.601788605722915 0.238972 0.214500 0.079600
0.702282455839261 0.231855 0.243200 0.074300
0.80232367435158 0.214911 0.270000 0.071600
0.902448177907938 0.183771 0.297700 0.066400
1.00262958091007 0.146734 0.328100 0.065100
1.10295829325579 0.178414 0.351900 0.061600
1.20322733877871 0.172536 0.374800 0.057900
1.30334115875275 0.096890 0.400200 0.056000
1.40343570241165 0.111894 0.428400 0.053000
1.50370334874553 0.102725 0.452900 0.049500
1.60381543619151 0.097890 0.480000 0.046300
1.70400511860308 0.080847 0.504000 0.044400
1.80401008062837 0.085996 0.524000 0.042600
1.90542645159187 0.092687 0.548300 0.039000
2.00543589728705 0.075993 0.570500 0.036000
2.10578871346853 0.054807 0.591000 0.034700
2.20581925518846 0.070978 0.609400 0.032400
2.30599881466876 0.048912 0.628800 0.031100
2.40665422061133 0.049674 0.648000 0.029500
2.50757940782721 0.044587 0.665300 0.029600
2.6085079913171 0.030715 0.683500 0.028300
2.70863698303354 0.045941 0.695900 0.026900
2.80879814166979 0.032947 0.709100 0.026600
2.90888046550595 0.023980 0.723300 0.026200
3.01025098382187 0.028608 0.741200 0.024700
3.11076739375809 0.030841 0.754300 0.023800
3.21130237381863 0.028846 0.766400 0.022300
3.31145219486325 0.011982 0.780200 0.021900
3.412395992151 0.013869 0.791600 0.021100
3.51255208064488 0.016974 0.803200 0.019800
3.61258496723569 0.011996 0.813800 0.019400
3.71284343755236 0.013964 0.823500 0.018600
3.81311088540187 0.013963 0.832300 0.018200
3.91423321688318 0.019778 0.839200 0.017600
4.01464952417972 0.011950 0.847700 0.017000
4.11674844978363 0.008815 0.855500 0.016300
4.21977573110011 0.013589 0.862500 0.015300
4.32005024678325 0.009973 0.870300 0.014300
4.42161452654065 0.008861 0.877300 0.013800
4.52196721963005 0.005979 0.883700 0.013400
4.62468336371486 0.011683 0.890800 0.012400
4.72707581549486 0.006836 0.897800 0.011900
4.82849105511151 0.002958 0.903500 0.011600
4.93029404902042 0.001965 0.908400 0.011600
5.03136843917059 0.003957 0.913600 0.011400
5.13212380394157 0.004963 0.918600 0.011100
5.23254117981608 0.002988 0.922400 0.011000
5.34048707474691 0.000926 0.926300 0.011100
5.44262110046362 0.000979 0.929600 0.011000
5.54797824407626 0.005695 0.931900 0.010600
5.65011117761633 0.001958 0.935500 0.010400
5.7522947159192 0.002936 0.939100 0.010300
5.85544606157501 0.007756 0.942700 0.009700
5.95581776089595 0.003985 0.945800 0.009300
6.05664015672358 0.000000 0.948500 0.009300
6.15813858152535 0.000985 0.951000 0.009200
6.26023045928773 0.000980 0.954100 0.009100
6.3648376482898 0.001912 0.956300 0.009100
6.47026996408338 0.001897 0.958500 0.008900
6.57183258839729 0.001969 0.960800 0.008900
6.67202498995994 0.006987 0.962300 0.008400
6.7797729482994 0.000000 0.964800 0.008400
6.89088746587622 0.000000 0.966800 0.008400
6.99094184200824 0.000999 0.968400 0.008300
7.11070454285157 0.000000 0.969500 0.008300
7.21371552124741 0.000000 0.971200 0.008300
7.31748086061334 0.004819 0.972200 0.008000
7.4241948390617 0.000000 0.972900 0.008000
7.5338316290849 0.000912 0.974100 0.007900
7.66797663496816 0.000745 0.975100 0.007800
7.7849832806653 0.000000 0.976400 0.007800
7.89239518843012 0.003724 0.976700 0.007600
8.01208891918239 0.001671 0.977800 0.007400
8.11585441791752 0.003855 0.978500 0.007000
8.26095115137916 0.000689 0.979300 0.006900
8.3682860729128 0.000000 0.979900 0.006900
8.52255613005473 0.000648 0.981200 0.006800
8.62300656207603 0.000000 0.982300 0.006800
8.7645196195195 0.000000 0.982800 0.006800
8.88454132378337 0.000000 0.983400 0.006800
8.99770959548287 0.000000 0.983600 0.006800
9.11613234691896 0.000000 0.984100 0.006800
9.23438768971958 0.000000 0.984800 0.006800
9.33498844199081 0.000000 0.985500 0.006800
9.45187210180314 0.000000 0.986000 0.006800
9.55556819276666 0.000000 0.986400 0.006800
9.67450501550321 0.000000 0.986800 0.006800
9.78093773443501 0.001879 0.987600 0.006600
9.88411034222966 0.001938 0.987900 0.006600
9.98863330353187 0.000000 0.988200 0.006600
10.0942106779809 0.000000 0.988700 0.006600
10.2214872452946 0.000786 0.989200 0.006500
10.3246099248178 0.000000 0.989400 0.006500
10.4286821817121 0.000000 0.990000 0.006500
10.5724619750747 0.000000 0.990300 0.006500
10.8341189546892 0.000000 0.990700 0.006500
10.9538053140809 0.000836 0.991100 0.006400
11.0568986676074 0.000000 0.991200 0.006600
11.2275720223755 0.000586 0.991600 0.006500
11.3373077045286 0.000000 0.991800 0.006500
11.4776624794298 0.000712 0.991900 0.006400
11.58126257708 0.000965 0.992200 0.006300
11.726162772357 0.000000 0.992300 0.006300
11.9073540894232 0.000000 0.992400 0.006300
12.0494202899329 0.000000 0.992500 0.006300
12.1495311657502 0.000000 0.992700 0.006300
12.4779719993315 0.000000 0.992800 0.006300
12.7246114508648 0.000000 0.992900 0.006300
12.9099107194917 0.000000 0.993100 0.006300
13.1621179507216 0.000000 0.993200 0.006300
13.2719739607069 0.000000 0.993300 0.006300
13.5036777561383 0.000000 0.993400 0.006300
13.7785703095045 0.000000 0.993500 0.006300
14.0633554436014 0.000351 0.993600 0.006200
14.2123036856413 0.000671 0.993600 0.006100
15.3011471037762 0.000000 0.993700 0.006100
16.5580035178922 0.000000 0.993800 0.006100
inf 0.000000 0.993900 0.006100
inf 0.000000 0.993900 0.006100
