0 0.000000 0.000000 0.000000
0.100047943403881 0.046977 0.081600 0.014300
0.200155602816994 0.090902 0.153000 0.018200
0.300361639101227 0.111770 0.213300 0.019000
0.400463316794718 0.105892 0.268500 0.018200
0.500570799854788 0.096896 0.323400 0.015500
0.60061162796802 0.091962 0.371300 0.013300
0.700736978191647 0.073907 0.420100 0.011300
0.801095822153395 0.074732 0.461500 0.009200
0.901557998244971 0.058729 0.498300 0.007100
1.00218169915538 0.074535 0.538600 0.005200
1.10219914440747 0.027995 0.573600 0.004400
1.20231392700649 0.028967 0.608400 0.003500
1.3027791871375 0.024884 0.642400 0.002600
1.40348988992851 0.012908 0.671100 0.002500
1.50356459677455 0.031976 0.695200 0.001900
1.60359153281045 0.014996 0.719600 0.001800
1.70389278082563 0.009970 0.744000 0.001800
1.80407671127926 0.009982 0.764000 0.001600
1.90453694651212 0.016922 0.782200 0.001100
2.00519243800185 0.007948 0.799500 0.001100
2.10556556026918 0.006974 0.815800 0.001000
2.20688934315596 0.003948 0.831700 0.001000
2.308328965314 0.004929 0.845700 0.000900
2.40952762084192 0.003953 0.857800 0.000900
2.50973469159709 0.001996 0.869700 0.000900
2.60999740052943 0.002992 0.880800 0.000800
2.71033883216848 0.005980 0.890200 0.000800
2.81521371026614 0.001907 0.898000 0.000800
2.91651737182811 0.004936 0.907300 0.000700
3.0169605806187 0.001991 0.914700 0.000700
3.11761558702183 0.002980 0.921700 0.000400
3.2178048646396 0.001996 0.928100 0.000200
3.31939248669398 0.000000 0.933500 0.000200
3.42066579422645 0.000000 0.938500 0.000200
3.5225537513065 0.000000 0.944100 0.000200
3.62462095099961 0.000000 0.950200 0.000200
3.72775598111483 0.000000 0.954200 0.000200
3.82930936889367 0.001969 0.957600 0.000200
3.93200057234527 0.001948 0.960800 0.000200
4.03219535885424 0.000000 0.965200 0.000200
4.13394990913388 0.000000 0.967300 0.000200
4.23543842909142 0.000000 0.971000 0.000200
4.33827760647449 0.000000 0.974000 0.000200
4.44452524939581 0.000000 0.976300 0.000200
4.54915609535322 0.000000 0.978400 0.000200
4.65554034553175 0.000000 0.980400 0.000200
4.77929965746885 0.000000 0.982500 0.000200
4.909738572272 0.000000 0.984100 0.000200
5.01672089816035 0.000000 0.985400 0.000200
5.12763961858956 0.000000 0.986300 0.000200
5.25680401710346 0.000000 0.987500 0.000200
5.35773638918647 0.000000 0.988500 0.000200
5.46065223169727 0.000000 0.989500 0.000200
5.57586824739162 0.000000 0.990000 0.000200
5.68058886359469 0.000000 0.990800 0.000200
5.80208687071804 0.000000 0.991800 0.000200
5.92991914281746 0.000000 0.992500 0.000200
6.04151377924214 0.000000 0.992900 0.000200
6.15030746293665 0.000000 0.993700 0.000200
6.25279364302677 0.000000 0.994700 0.000200
6.35663439505221 0.000000 0.995200 0.000200
6.46093652222673 0.000000 0.995800 0.000200
6.64032797115089 0.000000 0.996100 0.000200
6.75729518258534 0.000000 0.996300 0.000200
6.86534690388412 0.000000 0.996800 0.000200
7.10604606770204 0.000000 0.997300 0.000200
7.22950465408901 0.000000 0.997400 0.000200
7.34494494561586 0.000000 0.997600 0.000200
7.46835295416644 0.000000 0.997700 0.000200
7.61981063610095 0.000000 0.997900 0.000200
7.77932340406028 0.000000 0.998100 0.000200
7.89510545705402 0.000000 0.998400 0.000200
8.02025553239341 0.000000 0.998600 0.000200
8.1524742794819 0.000000 0.998700 0.000200
8.29993246605287 0.000000 0.998800 0.000200
8.6649138551976 0.000000 0.998900 0.000200
8.78309079000205 0.000000 0.999000 0.000200
9.2912361272211 0.000000 0.999100 0.000200
9.42970464877198 0.000000 0.999200 0.000200
9.72480863576627 0.000000 0.999300 0.000200
9.96456773722922 0.000000 0.999500 0.000200
12.6009361391167 0.000000 0.999700 0.000200
inf 0.000000 0.999800 0.000200
inf 0.000000 0.999800 0.000200
