0 0.000000 0.000000 0.000000
0.100087004695939 0.131885 0.045500 0.061400
0.200842488634884 0.222320 0.073800 0.094200
0.301422294007992 0.266455 0.093600 0.113000
0.401426535303292 0.283988 0.112600 0.126000
0.501493268927951 0.286809 0.132600 0.131900
0.601504360823523 0.283969 0.146900 0.136500
0.701553073328432 0.224890 0.164900 0.137800
0.801820155699647 0.221409 0.180200 0.140000
0.90215394956342 0.223255 0.197500 0.134400
1.00230003984159 0.194716 0.214900 0.134300
1.10234066350227 0.210914 0.233000 0.132800
1.20243265661206 0.214802 0.253700 0.129700
1.30264161570993 0.171641 0.272000 0.129500
1.40270082165929 0.162904 0.290700 0.128200
1.50288658580101 0.153714 0.309800 0.126400
1.60295197513235 0.156897 0.323200 0.123700
1.70296904381242 0.166972 0.340600 0.118800
1.80419112096045 0.136334 0.357000 0.116800
1.90505542457956 0.129877 0.375100 0.111500
2.00509703196826 0.124948 0.392300 0.109800
2.10513584849882 0.125951 0.408400 0.107200
2.20543247603152 0.098707 0.426500 0.105100
2.30562540587398 0.104798 0.440300 0.102400
2.40582975091398 0.106782 0.458100 0.099500
2.50638465596362 0.100443 0.475200 0.096600
2.60666081409986 0.088755 0.493000 0.093900
2.7070771679084 0.087635 0.507700 0.091300
2.80732372421289 0.077808 0.524800 0.089700
2.90810982221597 0.084337 0.541000 0.086400
3.00840433613436 0.060821 0.555100 0.083900
3.1084716222025 0.069953 0.569000 0.080900
3.20924301248231 0.063510 0.582600 0.078300
3.30932155920121 0.062951 0.597300 0.074000
3.40986191841627 0.045753 0.610000 0.073200
3.51052657228898 0.063577 0.621800 0.070200
3.61199974114412 0.059129 0.632500 0.067400
3.71320261476585 0.044465 0.647800 0.065900
3.81364552824106 0.042810 0.659800 0.065000
3.91368389675199 0.033987 0.671300 0.064000
4.01413249240555 0.049777 0.683000 0.061200
4.11416757544385 0.033988 0.695800 0.060200
4.21439973527091 0.030928 0.706100 0.058900
4.31506587715532 0.044702 0.715300 0.055800
4.41533049646056 0.045879 0.726200 0.054200
4.51585488856365 0.026859 0.738600 0.052700
4.61669274040469 0.026776 0.748100 0.050600
4.71702081402689 0.027908 0.755800 0.050200
4.8177524959256 0.023826 0.764900 0.048400
4.91889539278225 0.041525 0.771900 0.045800
5.01919295197829 0.021935 0.780500 0.044800
5.11967892684774 0.028860 0.788400 0.043300
5.22089023119663 0.022725 0.797400 0.041800
5.32131175562472 0.032861 0.803900 0.040100
5.42198901326538 0.019865 0.810600 0.039100
5.52200525547941 0.018997 0.817200 0.037600
5.62222919056499 0.017960 0.823600 0.037000
5.72294256250185 0.020851 0.831100 0.035500
5.82465630817803 0.011798 0.837600 0.035500
5.92599038293076 0.014803 0.844600 0.034200
6.02695545968999 0.011885 0.851100 0.033600
6.12790745245669 0.014859 0.857200 0.032500
6.22795811959476 0.021989 0.863300 0.030900
6.32922938694619 0.017774 0.868700 0.029700
6.4305070374771 0.007899 0.873400 0.029500
6.53289326917177 0.010744 0.877500 0.029000
6.63386175669782 0.010894 0.881600 0.028100
6.73689609443522 0.006794 0.886600 0.027600
6.84007586442215 0.007753 0.889900 0.026800
6.94124389071334 0.007908 0.894600 0.026000
7.04231511222036 0.006926 0.899500 0.025500
7.14510718552643 0.006810 0.903200 0.025000
7.24565373439364 0.008951 0.905700 0.024100
7.35003207875753 0.006706 0.909300 0.023800
7.45240641575649 0.008791 0.912000 0.023100
7.55267486826254 0.006981 0.915300 0.022600
7.65350652247167 0.007934 0.918200 0.021800
7.75397646711719 0.006967 0.920800 0.021700
7.85470579075279 0.006949 0.923500 0.021400
7.9560609304639 0.010853 0.926800 0.020700
8.06095676503869 0.005720 0.929100 0.020300
8.16273227407227 0.005895 0.931100 0.019900
8.26285093910148 0.002996 0.933100 0.020000
8.36812265986333 0.005700 0.934500 0.019800
8.46893240863007 0.002976 0.936200 0.019500
8.57353572904808 0.004780 0.938400 0.019200
8.67552142116188 0.003922 0.940700 0.018800
8.78515629448814 0.005473 0.942300 0.018400
8.90343319372494 0.003382 0.944100 0.018200
9.00520259583264 0.000000 0.946000 0.018200
9.10640653249671 0.001976 0.948800 0.018000
9.20690024187083 0.002985 0.951000 0.017700
9.31755659343149 0.000904 0.952000 0.017800
9.42720472627227 0.005472 0.953900 0.017600
9.53500031940034 0.000928 0.954900 0.017500
9.63694263767306 0.003924 0.956700 0.017300
9.73780283487948 0.002974 0.957400 0.017000
9.84446134274389 0.003750 0.958500 0.016800
9.94570883924263 0.001975 0.960100 0.016600
10.051874806312 0.000942 0.961000 0.016500
10.1541590020401 0.001955 0.962000 0.016300
10.2551484716466 0.003961 0.962900 0.016100
10.38293136982 0.000000 0.963900 0.016100
10.4897671448142 0.005616 0.965200 0.015700
10.5989061682797 0.001833 0.966500 0.015500
10.6992920853227 0.001992 0.967200 0.015300
10.7995516469807 0.000997 0.968700 0.015200
10.9128093637456 0.000883 0.969300 0.015100
11.0228855251742 0.001817 0.970100 0.015100
11.1230885777736 0.000998 0.971100 0.015000
11.2591722902802 0.002205 0.972000 0.014700
11.3614142132464 0.000000 0.972800 0.014700
11.4867203376909 0.001596 0.973200 0.014500
11.5948125834474 0.004626 0.973500 0.014200
11.7053247175703 0.000000 0.974300 0.014200
11.8310016509547 0.002387 0.974700 0.014100
11.932495971013 0.001971 0.975000 0.013900
12.044196538652 0.000000 0.975400 0.013900
12.1714670146942 0.001571 0.975900 0.013700
12.2716679068569 0.000000 0.976700 0.013700
12.3793480609771 0.004643 0.977400 0.013200
12.5048929477598 0.000000 0.978400 0.013200
12.6050276168161 0.000000 0.979000 0.013200
12.7216383124078 0.001715 0.979100 0.013200
12.9547544502973 0.000858 0.979400 0.013000
13.0621279453835 0.000000 0.980000 0.013000
13.2048886983889 0.000000 0.980400 0.013000
13.3260262266303 0.000000 0.980900 0.013000
13.4271655808389 0.000989 0.981100 0.012900
13.5382706157646 0.000900 0.981500 0.012800
13.659080876477 0.001655 0.981900 0.012600
13.7797504718561 0.000000 0.982000 0.012600
13.8944726738006 0.000000 0.982400 0.012600
14.0127032298496 0.000000 0.982600 0.012600
14.177539203273 0.000607 0.982700 0.012500
14.2777487741952 0.000000 0.982900 0.012500
14.4165532570393 0.000000 0.983500 0.012500
14.527435048946 0.000000 0.983800 0.012500
14.632653722506 0.001901 0.984000 0.012500
14.7700555520187 0.000000 0.984400 0.012500
14.9683413555106 0.000000 0.984700 0.012500
15.0971985787913 0.000000 0.984900 0.012500
15.4727142505046 0.000266 0.985100 0.012400
15.7676848262786 0.000000 0.985300 0.012400
15.8972303644043 0.000000 0.985600 0.012400
16.0086768179176 0.000897 0.985700 0.012300
16.3269662667093 0.000000 0.986100 0.012300
16.4748653599894 0.000000 0.986200 0.012300
16.77135016554 0.000000 0.986300 0.012300
16.9637737361456 0.000520 0.986400 0.012200
17.739784609303 0.000000 0.986500 0.012200
17.9625815583775 0.000449 0.986500 0.012100
18.1648949872797 0.000000 0.986600 0.012100
18.2869285290642 0.000000 0.986700 0.012100
18.4142586694962 0.000000 0.986800 0.012100
18.786237220524 0.000000 0.987000 0.012100
19.055159123206 0.000000 0.987100 0.012100
19.3874826147297 0.000301 0.987100 0.012000
19.6119618632175 0.000000 0.987300 0.012000
20.0947394708722 0.000207 0.987500 0.011900
20.4632129565788 0.000000 0.987600 0.011900
22.2679243821621 0.000000 0.987700 0.011900
22.4733463209868 0.000000 0.987800 0.011900
22.6075736191873 0.000000 0.987900 0.011900
24.5319763553839 0.000000 0.988000 0.011900
inf 0.000000 0.988100 0.011900
inf 0.000000 0.988100 0.011900
