0 0.000000 0.000000 0.000000
0.100024986646104 0.101975 0.036600 0.080400
0.20045828015524 0.224029 0.055000 0.124500
0.300593476219578 0.238677 0.069500 0.157400
0.400691650021058 0.264740 0.077900 0.178300
0.500817041800964 0.267664 0.085200 0.189900
0.600914110215546 0.240766 0.095600 0.199400
0.701330577819408 0.250955 0.105000 0.208400
0.80137515657513 0.249889 0.115000 0.214400
0.901864759687152 0.210967 0.126500 0.220400
1.00191712110424 0.233878 0.136700 0.218600
1.10199884442772 0.194841 0.147200 0.219900
1.20212482935199 0.192757 0.158100 0.220200
1.30304170166143 0.183319 0.170000 0.215900
1.40397202519648 0.187258 0.182600 0.217600
1.50428151639275 0.163494 0.192300 0.218800
1.60476743292487 0.177139 0.204000 0.214600
1.70480925115959 0.160933 0.216000 0.212900
1.80519963113278 0.163362 0.227100 0.212100
1.90539255523292 0.140729 0.241500 0.208000
2.00592138650642 0.126332 0.254600 0.208700
2.10600150135917 0.112910 0.264600 0.206600
2.20617522546871 0.145747 0.274500 0.204600
2.30733399898897 0.148282 0.286200 0.201000
2.40771289655176 0.151426 0.298400 0.198200
2.50791910352812 0.115761 0.310900 0.197800
2.60878299790224 0.129878 0.321000 0.192100
2.70901913845715 0.121713 0.332100 0.189900
2.80926170005156 0.109734 0.343600 0.187100
2.90929036682815 0.104970 0.352700 0.186200
3.00939460053841 0.112882 0.363600 0.186100
3.11088682201522 0.094589 0.375900 0.182300
3.21093364435875 0.107949 0.386500 0.178100
3.31196443300171 0.101949 0.395500 0.174800
3.41218624302354 0.090799 0.406600 0.170900
3.51251209543768 0.104659 0.417400 0.167000
3.6126075888035 0.080923 0.425200 0.164700
3.71313512011009 0.080575 0.436700 0.163200
3.81352764229228 0.101601 0.444900 0.160600
3.91422384155962 0.081433 0.458000 0.157400
4.01432468204589 0.069929 0.468400 0.154400
4.11698304014493 0.071110 0.480100 0.152900
4.2174501910411 0.074651 0.491200 0.150600
4.3175914407233 0.080886 0.503500 0.147300
4.41805481420563 0.071668 0.513300 0.143500
4.51848104131963 0.061737 0.524400 0.139700
4.61904092796692 0.068616 0.532900 0.138200
4.7199956982499 0.052499 0.543000 0.137100
4.82001827608577 0.049989 0.552100 0.134900
4.92102132841641 0.058414 0.561500 0.132000
5.02173815010648 0.058580 0.571200 0.130500
5.12194283778637 0.062871 0.579700 0.127400
5.22216888164004 0.046894 0.588000 0.124900
5.32227542758106 0.057938 0.596200 0.121700
5.42246941967923 0.056890 0.607200 0.119600
5.52250908365056 0.047981 0.614200 0.118800
5.62257646493999 0.043970 0.623100 0.117000
5.72263401750468 0.043975 0.632000 0.114600
5.82286914950304 0.037911 0.640000 0.112200
5.92354156763466 0.047679 0.649200 0.109600
6.02621363608046 0.048699 0.657000 0.107600
6.12645717801984 0.040900 0.663300 0.106300
6.22678621663255 0.040866 0.669800 0.103800
6.32738733648996 0.050695 0.676300 0.101100
6.42743370010475 0.039981 0.684200 0.098500
6.52956592385178 0.048956 0.692600 0.096900
6.62988543260232 0.032895 0.698900 0.095600
6.73068013450147 0.034724 0.707200 0.093500
6.83302295823956 0.033222 0.712900 0.091900
6.93355127855381 0.035811 0.719900 0.089300
7.03433160570042 0.022822 0.726600 0.088400
7.13484335893675 0.029847 0.732800 0.087200
7.23505039483877 0.020957 0.738800 0.086100
7.33658586707415 0.028561 0.744000 0.084400
7.43684022079512 0.020947 0.750100 0.083700
7.53703281602067 0.029942 0.755800 0.081500
7.63738366948977 0.026906 0.761000 0.080600
7.73840589190393 0.027717 0.766700 0.079200
7.8398220910222 0.019721 0.770900 0.079000
7.94148216516433 0.021641 0.776200 0.077800
8.04210219393173 0.017889 0.781800 0.077200
8.14321218235191 0.023737 0.786700 0.075600
8.24345914295671 0.030924 0.790300 0.074500
8.34895781369463 0.020853 0.795800 0.073700
8.45051210631416 0.021663 0.799900 0.072300
8.55215335831281 0.012790 0.804900 0.071600
8.65419783439803 0.012740 0.809500 0.071300
8.75603713588937 0.015711 0.813400 0.070100
8.85841906619326 0.021488 0.817300 0.068500
8.96131009826333 0.014579 0.820600 0.067400
9.06186431624297 0.017901 0.825000 0.066200
9.16290821345586 0.009897 0.829300 0.065800
9.2630609212888 0.011982 0.833900 0.064800
9.36306448033066 0.007000 0.838900 0.064100
9.46579511342694 0.013628 0.842600 0.063300
9.56608014972691 0.015955 0.845900 0.062100
9.66761865348555 0.014773 0.849200 0.061400
9.77216743645948 0.007652 0.853200 0.060600
9.87410112636209 0.007848 0.855900 0.060200
9.97561876395009 0.014776 0.859300 0.059300
10.080642221502 0.015235 0.861700 0.058100
10.1819645409402 0.005922 0.864200 0.057500
10.2821929567284 0.016961 0.867600 0.056000
10.3835727060304 0.008878 0.870600 0.055500
10.4842299404236 0.005961 0.873100 0.055100
10.5864924469415 0.003912 0.876000 0.054700
10.6864951487159 0.008000 0.879300 0.054300
10.7872809789101 0.011906 0.882200 0.053500
10.8874703641814 0.013974 0.885000 0.052500
10.9880958214533 0.006956 0.887600 0.051800
11.0898938618773 0.005894 0.889500 0.051400
11.19438413069 0.009570 0.892100 0.050800
11.3007043001512 0.007524 0.894200 0.050200
11.4017278235974 0.007919 0.896200 0.050000
11.5026636637568 0.003963 0.898500 0.049800
11.6090693299585 0.008458 0.900400 0.049100
11.7097171621557 0.007949 0.902300 0.048300
11.8123346966159 0.005847 0.904100 0.048100
11.9133482652129 0.003960 0.906500 0.047700
12.0147540168722 0.005917 0.908300 0.047300
12.1244702906332 0.003646 0.909700 0.047100
12.2278691733821 0.005803 0.911100 0.046700
12.3282596784058 0.005977 0.913300 0.046100
12.4332903430918 0.008569 0.915200 0.045200
12.5354699478947 0.006851 0.916500 0.045100
12.6356919769198 0.005987 0.917800 0.044500
12.737724721409 0.000980 0.919500 0.044400
12.8530740609096 0.004335 0.920400 0.044100
12.9556991225993 0.003898 0.921800 0.043900
13.0563208161453 0.005963 0.922700 0.043500
13.1667363552321 0.001811 0.924000 0.043500
13.2717111340743 0.002858 0.925600 0.043200
13.3735023002354 0.004912 0.926400 0.042900
13.4752236914764 0.003932 0.927400 0.042700
13.5793919811288 0.003840 0.928500 0.042500
13.6964565797022 0.003417 0.929800 0.042100
13.79759741902 0.003955 0.930600 0.041900
13.8979637457533 0.002989 0.931700 0.041600
14.0024191744805 0.005744 0.933300 0.041000
14.1140637747327 0.000896 0.934500 0.040900
14.2172426880278 0.002908 0.935600 0.040600
14.323106548633 0.006612 0.936300 0.039900
14.4290677994928 0.004719 0.937300 0.039400
14.5322756516875 0.004845 0.938500 0.038900
14.6394551984002 0.004665 0.940000 0.038600
14.7416815495824 0.001956 0.940800 0.038600
14.8456736164279 0.005770 0.941600 0.038000
14.9555412698405 0.002731 0.942100 0.037700
15.0654158597656 0.005461 0.943000 0.037500
15.1750730151906 0.000000 0.944200 0.037500
15.2803009818248 0.000950 0.944800 0.037400
15.3803333740865 0.000000 0.945200 0.037400
15.4915592503907 0.003596 0.945800 0.037000
15.6144126760783 0.001628 0.946300 0.036800
15.7276013787406 0.000883 0.947400 0.036700
15.8524086797097 0.000000 0.948100 0.036700
15.9538324455044 0.000986 0.948800 0.036600
16.0548283606893 0.000990 0.949400 0.036500
16.1621812405281 0.003726 0.949800 0.036100
16.2772970676583 0.003475 0.950400 0.035900
16.4588672851781 0.001652 0.951000 0.035800
16.5722784653731 0.001763 0.951600 0.035800
16.7157402294624 0.002091 0.952400 0.035500
16.8173051601173 0.002954 0.953100 0.035200
16.9380452369462 0.001656 0.953500 0.035000
17.0557971822613 0.000849 0.954100 0.034900
17.1589236085876 0.000970 0.954400 0.035000
17.2907701209213 0.000758 0.954900 0.034900
17.3966846092661 0.000000 0.955500 0.034900
17.5026327801307 0.003775 0.955600 0.034700
17.6077838374275 0.003804 0.956200 0.034300
17.71271984139 0.001906 0.956700 0.034100
17.8967741377582 0.001087 0.957400 0.034100
18.0098777372965 0.000884 0.957900 0.034000
18.1342656072351 0.000000 0.958600 0.034000
18.2456299720941 0.000000 0.959000 0.034000
18.3833015179405 0.000000 0.959600 0.034000
18.5498072123262 0.000601 0.960000 0.033900
18.6799011883987 0.000769 0.960300 0.033800
18.7971927246195 0.000853 0.960500 0.033900
18.9104761190027 0.000883 0.960700 0.033800
19.0153711759134 0.000953 0.960900 0.033700
19.241801314722 0.000883 0.961100 0.033700
19.3444280736166 0.000974 0.961100 0.033600
19.4621027178231 0.000000 0.961600 0.033600
19.6779723571655 0.000463 0.961800 0.033500
19.7786227449216 0.000994 0.962000 0.033400
19.8909819591822 0.000890 0.962100 0.033300
20.0486106851702 0.001269 0.962200 0.033100
20.1678832439216 0.000000 0.962600 0.033100
20.3030550760632 0.000740 0.962800 0.033000
20.4964559950507 0.000000 0.962800 0.033200
20.6570201886804 0.000000 0.963100 0.033200
20.7580426930166 0.000990 0.963500 0.033100
20.9066467355747 0.000673 0.963600 0.033000
21.2097180231297 0.000330 0.963800 0.032900
21.3321773409599 0.000000 0.964000 0.032900
21.4637919366167 0.002279 0.964200 0.032800
21.578967957957 0.000868 0.964300 0.032700
21.819157248775 0.000000 0.964400 0.032700
21.9604876608092 0.000708 0.964700 0.032600
22.0751401585048 0.000872 0.964900 0.032500
22.2310323931248 0.001283 0.964800 0.032500
22.3750210476553 0.000694 0.964800 0.032400
22.4838603885788 0.000000 0.964900 0.032400
22.6108094235182 0.000788 0.965000 0.032300
22.8481021821948 0.000843 0.965300 0.032100
22.9623277591426 0.001751 0.965400 0.031900
23.1210482050486 0.000000 0.965600 0.031900
23.3849479033173 0.000000 0.965700 0.031900
23.5451418744525 0.000624 0.965700 0.031800
23.65583294002 0.001807 0.965700 0.031800
23.8640632516484 0.000000 0.965800 0.031800
24.0603189352013 0.000000 0.966100 0.031800
24.2693855222102 0.000478 0.966300 0.031700
24.4361982512617 0.000599 0.966300 0.031600
24.5758463912023 0.000716 0.966400 0.031500
24.691522950745 0.000000 0.966700 0.031500
24.8374520973728 0.000685 0.966700 0.031400
24.9577227727003 0.000000 0.966900 0.031400
25.144651915987 0.000000 0.967100 0.031400
25.2918170111622 0.000680 0.967100 0.031300
25.4753906366623 0.000000 0.967200 0.031300
25.6278315727507 0.000000 0.967300 0.031300
25.8219966959054 0.000000 0.967400 0.031300
25.94195210164 0.000000 0.967600 0.031300
26.2320643431096 0.000345 0.967600 0.031200
26.6639509999445 0.000000 0.967700 0.031200
26.8877970378445 0.000000 0.967900 0.031200
27.5402509006801 0.000000 0.968100 0.031200
27.7323751528625 0.000000 0.968300 0.031200
28.4154375748849 0.000000 0.968400 0.031200
31.4205331461581 0.000000 0.968600 0.031200
32.9438987746538 0.000000 0.968700 0.031200
33.5999731244388 0.000152 0.968700 0.031100
35.6641534122616 0.000000 0.968800 0.031100
inf 0.000000 0.968900 0.031100
inf 0.000000 0.968900 0.031100
