0 0.000000 0.000000 0.000000
0.100033434163055 0.085971 0.018300 0.109000
0.200318506307052 0.178491 0.026000 0.188700
0.300484622908941 0.218637 0.027800 0.243600
0.400498841463135 0.172975 0.031100 0.277700
0.500865629582483 0.204251 0.028400 0.310800
0.601276432028923 0.184243 0.031100 0.336700
0.701467842200074 0.159694 0.034100 0.354100
0.801686869463703 0.171624 0.035000 0.374900
0.901833953848956 0.154772 0.035800 0.389600
1.00190464241454 0.123912 0.040200 0.404000
1.10223532989967 0.127578 0.043000 0.415600
1.20233161572759 0.108895 0.047100 0.427100
1.30251420435438 0.108801 0.050800 0.436000
1.40319103175426 0.114227 0.054300 0.445500
1.50390051265655 0.100288 0.057800 0.452400
1.60412116752605 0.093793 0.061000 0.461600
1.70448283533512 0.104622 0.065700 0.463700
1.80475830358057 0.104712 0.070700 0.467000
1.90485596699296 0.100901 0.073300 0.469700
2.00524955630533 0.080682 0.077100 0.471800
2.10563652169947 0.107584 0.080400 0.472400
2.20614302917034 0.102481 0.084600 0.474300
2.30625050787468 0.097895 0.088400 0.471700
2.4066382719883 0.103598 0.091400 0.471900
2.50666629327588 0.099972 0.094900 0.472300
2.60784213840692 0.084012 0.099100 0.474400
2.7079095597181 0.085942 0.104300 0.473000
2.80905433052945 0.100846 0.108400 0.473800
2.90947804060695 0.076675 0.112900 0.475700
3.00957428430255 0.072930 0.117200 0.475200
3.11083654086221 0.079003 0.122700 0.474400
3.21217949060249 0.076966 0.126200 0.473400
3.31253183249582 0.103635 0.129100 0.473800
3.41280861923115 0.065818 0.134100 0.472200
3.51318295945835 0.079702 0.137100 0.471600
3.61328536652226 0.072925 0.141700 0.471900
3.71367290877357 0.083676 0.144200 0.470500
3.81433989227183 0.084437 0.147200 0.470200
3.91489133820814 0.087517 0.150800 0.468800
4.01596811040875 0.076180 0.153900 0.467300
4.11635635389854 0.073714 0.156800 0.466700
4.21760225657418 0.061237 0.161600 0.465100
4.31762957662667 0.080978 0.165300 0.463400
4.41771446172382 0.079932 0.169200 0.460200
4.51801663356867 0.064804 0.172700 0.459900
4.61813488564756 0.061927 0.177200 0.459900
4.71938115221673 0.070126 0.182300 0.457400
4.81954631014991 0.078870 0.186700 0.456100
4.9201248039065 0.068603 0.191000 0.454600
5.02040270453799 0.058836 0.195900 0.454300
5.12043825766607 0.064977 0.199900 0.452000
5.22160072452347 0.063265 0.202800 0.450800
5.32162147258509 0.072985 0.206300 0.448300
5.42185888966294 0.059858 0.210600 0.446700
5.5225520696773 0.054621 0.214300 0.447200
5.62287556132413 0.054823 0.218500 0.446700
5.72342512499125 0.066634 0.222700 0.445000
5.82519588759969 0.067799 0.224900 0.442700
5.92556369416188 0.053802 0.228900 0.441100
6.02559595667621 0.066978 0.233000 0.438600
6.12588827816992 0.059825 0.236700 0.438400
6.22602689596259 0.076893 0.240000 0.436300
6.32636842008415 0.054813 0.244900 0.434600
6.42718454136484 0.053563 0.248400 0.433200
6.52843615221861 0.064197 0.251500 0.431900
6.62898223806763 0.056690 0.255000 0.430200
6.72924685634611 0.061836 0.258100 0.429000
6.82939619441608 0.050924 0.261500 0.427300
6.93062965652351 0.077050 0.264000 0.423900
7.03151988802121 0.058479 0.268100 0.422200
7.13160240909719 0.049959 0.270700 0.422000
7.23239358283604 0.059529 0.273300 0.420000
7.33449632333334 0.050929 0.276400 0.420000
7.4380073369219 0.050236 0.281700 0.418000
7.53814041719584 0.055926 0.285600 0.417400
7.63858454852134 0.051770 0.289400 0.416400
7.73970497424575 0.066258 0.293900 0.413300
7.84032359824502 0.049693 0.297100 0.413100
7.94154960664877 0.042479 0.300500 0.412400
8.0447524635437 0.039728 0.305000 0.411100
8.14621199833998 0.048295 0.307800 0.409800
8.2463956518032 0.045916 0.310300 0.409200
8.34647012952128 0.035973 0.314700 0.408400
8.44703521648842 0.041764 0.317600 0.407600
8.5474673768792 0.044806 0.321900 0.405900
8.64760833982306 0.057918 0.325400 0.402900
8.74892944765852 0.056257 0.328900 0.400600
8.85080165126687 0.042210 0.332600 0.397900
8.95212964187546 0.041450 0.336200 0.395900
9.05334251812732 0.038533 0.339300 0.395200
9.15651874918705 0.050399 0.342600 0.393000
9.25744390833388 0.043597 0.345700 0.391800
9.35797126205147 0.049738 0.349800 0.389600
9.45927204797377 0.048371 0.352100 0.388500
9.55952353349316 0.058852 0.355300 0.385400
9.66379741638238 0.054664 0.358700 0.382700
9.76471976594314 0.045580 0.360700 0.382100
9.86559671126646 0.043617 0.364100 0.381100
9.96657473681478 0.058429 0.367000 0.378800
10.0669380571292 0.042844 0.370900 0.377900
10.1709809560246 0.041329 0.374200 0.376400
10.2713176533267 0.040862 0.376600 0.374900
10.3729126169022 0.043309 0.380600 0.371700
10.4747054443442 0.039295 0.384500 0.369300
10.5749874089786 0.026924 0.388800 0.370000
10.675553733059 0.044747 0.391300 0.368100
10.7758893416315 0.039866 0.393400 0.367100
10.8764123693996 0.031834 0.396200 0.365900
10.9780351256939 0.042313 0.398200 0.364000
11.079296225784 0.030614 0.402700 0.362100
11.1813913365366 0.037220 0.405900 0.360900
11.2825044435308 0.046483 0.409600 0.358200
11.3838746643643 0.033540 0.411300 0.357200
11.4842602016703 0.031877 0.414500 0.356200
11.5845494682322 0.043873 0.419200 0.352400
11.684823596922 0.034904 0.422400 0.350900
11.7852710634 0.024889 0.425700 0.349400
11.8878501664742 0.043869 0.428400 0.347300
11.9884590811449 0.031806 0.432000 0.346100
12.0887615832828 0.045861 0.434700 0.344900
12.1892622631098 0.034826 0.437000 0.344200
12.2925675490372 0.033880 0.439700 0.342500
12.3930551117677 0.024879 0.443000 0.341800
12.494800879789 0.032434 0.446800 0.340100
12.5963953741571 0.029529 0.450400 0.339300
12.6976234352342 0.038527 0.452800 0.337400
12.799194012388 0.034459 0.455700 0.335500
12.9024058007036 0.030035 0.459300 0.334200
13.0053760008379 0.024279 0.462700 0.332300
13.1066571446049 0.031595 0.465800 0.330900
13.2072344938953 0.033805 0.467900 0.330300
13.3083020753548 0.034630 0.470000 0.328600
13.4098616835591 0.034463 0.473000 0.326100
13.5133451933467 0.037687 0.475600 0.324600
13.6154994912224 0.026431 0.478900 0.323100
13.715840416415 0.039864 0.481800 0.321900
13.8189529703808 0.024245 0.485100 0.320400
13.9226395159847 0.023147 0.488400 0.319400
14.0230115870603 0.027896 0.490200 0.318200
14.1262578259066 0.030025 0.494000 0.316100
14.2422412833198 0.019830 0.496900 0.314800
14.3422495735473 0.027998 0.500000 0.313800
14.4427449389054 0.031842 0.503300 0.311600
14.5433866676464 0.025834 0.506200 0.310200
14.6468909254641 0.032849 0.508800 0.308600
14.7484619605758 0.022644 0.511800 0.307900
14.8490609764653 0.036780 0.515000 0.306400
14.9493342812273 0.030916 0.516900 0.304900
15.0547007314864 0.026574 0.519400 0.303500
15.1629497921053 0.024942 0.522100 0.302400
15.2647351087254 0.021614 0.524500 0.301000
15.3656165530985 0.034694 0.527300 0.299300
15.4721197246592 0.033802 0.529100 0.296700
15.5730497214648 0.021797 0.531400 0.296300
15.6757655253034 0.027260 0.533600 0.295300
15.7761372470406 0.026900 0.536200 0.293800
15.876935204918 0.034723 0.538100 0.292100
15.9771412593313 0.031934 0.541100 0.289900
16.077172460628 0.030990 0.543500 0.289200
16.1781400056858 0.020799 0.546400 0.288900
16.2787304097901 0.020877 0.550100 0.287000
16.379875952945 0.023728 0.552300 0.286200
16.4815297524646 0.015740 0.555500 0.285600
16.5828921436415 0.030583 0.557500 0.283700
16.6838164643477 0.016844 0.559500 0.282800
16.7840240343223 0.020957 0.562700 0.281700
16.8856302187644 0.017715 0.565800 0.280500
16.9874210548761 0.019648 0.568800 0.279300
17.0937534370712 0.021630 0.571700 0.277600
17.1940931874269 0.021926 0.574000 0.276800
17.2970936391874 0.025243 0.576800 0.275200
17.3982416526291 0.019773 0.579600 0.274200
17.4995606834178 0.024675 0.580700 0.274100
17.600732304975 0.024710 0.582800 0.273600
17.7020068145128 0.015799 0.585900 0.272600
17.8055614213301 0.018348 0.587800 0.271900
17.9061684630806 0.017891 0.588500 0.270700
18.0114048285842 0.018055 0.590500 0.269800
18.1123979892908 0.020793 0.592000 0.268700
18.2126894782387 0.014956 0.593500 0.268000
18.3129253542508 0.018955 0.596000 0.266900
18.4175144761639 0.018166 0.599700 0.265000
18.5240233708906 0.020656 0.602100 0.263600
18.6256133994863 0.027562 0.603900 0.261400
18.7275689258466 0.022559 0.606000 0.260700
18.8276142184911 0.020990 0.608600 0.258800
18.9288076250838 0.011858 0.611200 0.258400
19.0302413939139 0.020703 0.612600 0.258100
19.1322519938096 0.023527 0.614200 0.256100
19.2417072796033 0.017359 0.616000 0.255600
19.3453681027854 0.015435 0.617500 0.255000
19.4478975344001 0.016581 0.619300 0.254300
19.5576420142756 0.010023 0.622200 0.253600
19.661033269562 0.021278 0.624400 0.251800
19.7616586741971 0.020869 0.626100 0.250500
19.8656027934285 0.015393 0.627700 0.250300
19.9664195214054 0.015870 0.629500 0.249700
20.0680659709125 0.010822 0.632100 0.249200
20.1713245807156 0.013558 0.633700 0.249200
20.2792858200021 0.010189 0.636300 0.248900
20.3848711106394 0.013259 0.637800 0.247700
20.4867584820675 0.017667 0.639800 0.246300
20.589262929837 0.014634 0.642300 0.245600
20.6991666232186 0.017288 0.643400 0.244500
20.8044754207333 0.011395 0.644800 0.243900
20.9068779058189 0.015625 0.647100 0.243300
21.0069379905901 0.015990 0.648600 0.242300
21.1104866278559 0.009657 0.651000 0.241500
21.2144558807918 0.024046 0.653300 0.239800
21.3154486948354 0.010892 0.654600 0.239300
21.4201999343166 0.013365 0.656800 0.238500
21.5217453275783 0.016741 0.659100 0.237600
21.6251216825696 0.006771 0.661400 0.236900
21.7421304218168 0.019657 0.662900 0.235600
21.8433667414875 0.019756 0.664900 0.234800
21.9444648595069 0.007913 0.666200 0.234800
22.0466501513813 0.010765 0.668100 0.234100
22.1498438654987 0.010660 0.670500 0.233200
22.2507869076275 0.012879 0.671600 0.232300
22.36523648068 0.009611 0.673600 0.231800
22.4664124040408 0.009884 0.675000 0.230800
22.5677219226719 0.015793 0.677600 0.229600
22.6715373874107 0.007706 0.679900 0.229200
22.7791017746488 0.013015 0.682200 0.227800
22.8803402424673 0.006914 0.684000 0.227300
22.9848144715572 0.007657 0.685200 0.227500
23.0898803737239 0.007614 0.686100 0.227300
23.1904797051519 0.015905 0.687400 0.226300
23.2930198661762 0.012678 0.689600 0.225400
23.3990787648817 0.016029 0.690700 0.224300
23.4993273547454 0.008978 0.693300 0.223600
23.5993822632567 0.013992 0.694700 0.223200
23.7018106621852 0.005858 0.696500 0.222800
23.805842647771 0.013457 0.697600 0.222400
23.9145957965662 0.011034 0.699600 0.221400
24.0153373852162 0.011912 0.701100 0.220800
24.1196349387816 0.009588 0.702100 0.220400
24.2256744923486 0.013203 0.703200 0.219600
24.3313156099874 0.009466 0.705000 0.218800
24.4364708339306 0.011412 0.706100 0.218000
24.5375567159428 0.011871 0.706900 0.217200
24.6443075212254 0.009368 0.708100 0.216600
24.7455020523298 0.010870 0.708600 0.216100
24.8479364441533 0.010739 0.709700 0.215200
24.9524786998815 0.010522 0.711100 0.214700
25.055504455293 0.008736 0.713200 0.214200
25.1566933696841 0.005930 0.714300 0.213800
25.2596247803765 0.009715 0.715400 0.213600
25.3624003218613 0.006811 0.717600 0.213100
25.4693078074793 0.009354 0.719200 0.212500
25.5718922528785 0.007798 0.720200 0.211900
25.6789989822429 0.009336 0.721000 0.211300
25.7915608890372 0.010661 0.721900 0.210700
25.8982322454886 0.011250 0.723000 0.209700
25.9984545586229 0.016962 0.723500 0.208800
26.0993636564148 0.008919 0.725200 0.208300
26.2060657855541 0.011246 0.727100 0.207700
26.3095356655191 0.010631 0.728700 0.207200
26.4113166239365 0.007860 0.730300 0.206600
26.5126918924086 0.008878 0.731100 0.205900
26.6224264396238 0.010935 0.732000 0.206100
26.7238042661721 0.007891 0.732800 0.205900
26.82772542362 0.006736 0.733400 0.205400
26.943156212168 0.010396 0.734200 0.204600
27.0489843671893 0.005670 0.735900 0.204000
27.1490874658306 0.007992 0.737100 0.203200
27.2542525039063 0.005705 0.738300 0.203200
27.3581598558202 0.007699 0.739200 0.203000
27.4583827407762 0.003991 0.740400 0.202600
27.5624618480063 0.007686 0.741100 0.202200
27.6642728551962 0.004911 0.742200 0.202100
27.770738597146 0.001879 0.743100 0.202500
27.8711356482875 0.006972 0.743800 0.202000
27.9769050750783 0.011345 0.744100 0.201400
28.0777294122482 0.004959 0.744600 0.201300
28.1807389271756 0.003883 0.744800 0.201100
28.2830086558688 0.005867 0.745700 0.200900
28.3930651565423 0.002726 0.747100 0.200800
28.4936707572113 0.002982 0.747800 0.200900
28.5948420710922 0.008896 0.748800 0.200400
28.6997670199996 0.002859 0.749700 0.200300
28.8012429221393 0.002956 0.750400 0.200400
28.902226813362 0.011883 0.751000 0.199400
29.0060195395079 0.004817 0.752300 0.198900
29.1079961968527 0.009806 0.753600 0.198300
29.2187978496545 0.004513 0.754400 0.198200
29.3190518700468 0.004987 0.755100 0.197900
29.4448851642835 0.004768 0.755300 0.197700
29.5467211870066 0.004910 0.756000 0.197200
29.6571806337996 0.007242 0.756300 0.196800
29.7620021959338 0.003816 0.757400 0.196400
29.8655704963149 0.002897 0.758800 0.196100
29.9699333634567 0.008624 0.759900 0.195200
30.0709568119302 0.008909 0.761400 0.194500
30.1797656677864 0.004595 0.762500 0.194000
30.3187223415038 0.003598 0.762900 0.193900
30.4314704550935 0.003548 0.763500 0.193900
30.5373980789466 0.008496 0.763800 0.193600
30.664359039071 0.004726 0.764700 0.193200
30.7697760441346 0.006640 0.765500 0.192700
30.8736396374792 0.002888 0.766200 0.192400
30.9753764147581 0.002949 0.767600 0.192100
31.0781803935323 0.005836 0.768400 0.191700
31.185337065899 0.002800 0.769600 0.191600
31.2897824854771 0.005745 0.769900 0.191400
31.408873300188 0.002519 0.770900 0.191100
31.5178483496262 0.008259 0.771700 0.190800
31.6320670252895 0.008755 0.772600 0.189800
31.7339938875886 0.006868 0.773100 0.189700
31.8356257847812 0.003936 0.774200 0.189700
31.9428831819491 0.005594 0.775300 0.189100
32.0579839189944 0.002606 0.776700 0.188800
32.162251348126 0.004795 0.776900 0.188700
32.2837597150193 0.004938 0.777500 0.188100
32.3876006664383 0.002889 0.778100 0.187800
32.4893647974837 0.004913 0.779400 0.187300
32.5987957624151 0.007311 0.780300 0.186900
32.7031451607096 0.002875 0.781100 0.186800
32.8033780477904 0.000998 0.781600 0.186700
32.9252238538876 0.000821 0.782200 0.186600
33.0372106968599 0.006251 0.782300 0.186500
33.1373844130664 0.001997 0.783300 0.186300
33.2486663729867 0.002696 0.784300 0.186200
33.3524684257156 0.001927 0.784500 0.186200
33.454012485735 0.000000 0.785100 0.186400
33.5583053740472 0.001918 0.785700 0.186200
33.6687549723464 0.002716 0.785900 0.186100
33.7917458753639 0.005691 0.786100 0.185800
33.8998623277208 0.006475 0.786700 0.185100
34.00281399617 0.001943 0.787300 0.184900
34.1203456978127 0.002553 0.788000 0.184600
34.2383818566159 0.002542 0.789400 0.184500
34.3575956320258 0.001678 0.790000 0.184300
34.4868286850693 0.004643 0.790200 0.184100
34.5903336136849 0.000000 0.790600 0.184100
34.6909421733944 0.000000 0.791100 0.184100
34.7932819900423 0.001954 0.791600 0.183900
34.9118414393354 0.003374 0.792400 0.183700
35.0413091704903 0.004634 0.793500 0.183100
35.1450624166966 0.006747 0.794000 0.182400
35.2673348344612 0.004907 0.794500 0.181800
35.3742718318624 0.002805 0.794800 0.181700
35.4843235603221 0.002726 0.795100 0.181600
35.5856281933037 0.007897 0.795600 0.180800
35.6927517273361 0.002801 0.796200 0.180500
35.8014752092378 0.004599 0.796900 0.180000
35.9214385383261 0.000834 0.797200 0.179900
36.0769830291523 0.002572 0.797600 0.179700
36.1869997858183 0.000000 0.798100 0.179700
36.3354069168861 0.002021 0.798800 0.179400
36.4386915038362 0.001936 0.799400 0.179200
36.5607557908291 0.001638 0.799700 0.179000
36.679885178141 0.004197 0.799900 0.178500
36.7837855552966 0.002887 0.800000 0.178400
36.8911914974961 0.003724 0.800300 0.178200
37.0079989956915 0.003424 0.801000 0.177800
37.1312837902712 0.001622 0.801600 0.177600
37.2619358721836 0.003062 0.802300 0.177400
37.3624029265913 0.000995 0.802700 0.177300
37.4639773982732 0.005907 0.802800 0.177100
37.5709978197746 0.003738 0.803100 0.177100
37.6776700868016 0.002812 0.803300 0.176800
37.7895047617795 0.002683 0.803600 0.176500
37.8941158936766 0.003824 0.804100 0.176100
38.0540761904452 0.002501 0.804300 0.175900
38.1738637631833 0.001670 0.804600 0.175700
38.2943619071408 0.003320 0.805300 0.175500
38.4022443409025 0.004635 0.805500 0.175200
38.5087020602644 0.006575 0.805500 0.174900
38.6152685888778 0.001877 0.806000 0.174700
38.757915825879 0.000701 0.806300 0.174800
38.8581929952322 0.000997 0.807400 0.174700
39.0029505379729 0.002072 0.807400 0.174800
39.1048202618261 0.003927 0.807500 0.174600
39.2175487231747 0.002661 0.807700 0.174500
39.317550463446 0.003000 0.807900 0.174200
39.4422930003576 0.003207 0.807900 0.174200
39.5449092757494 0.001949 0.808100 0.174800
39.6782611318867 0.003749 0.808600 0.174300
39.785212407512 0.002805 0.808800 0.174200
39.9144011882987 0.003096 0.808800 0.174000
40.06089525915 0.004096 0.809100 0.173600
40.1695654145517 0.001840 0.809500 0.173400
40.3135480805559 0.000695 0.810000 0.173300
40.4571060781623 0.000697 0.810300 0.173400
40.5634107318488 0.001881 0.810900 0.173200
40.6993548747197 0.000736 0.812000 0.173100
40.8209981997738 0.000822 0.812300 0.173200
40.9266118698014 0.002841 0.812600 0.172900
41.0529529369299 0.000792 0.813300 0.172800
41.1567323223054 0.002891 0.813600 0.172500
41.2608632021491 0.004802 0.813700 0.172200
41.3819074826312 0.000826 0.814000 0.172100
41.5059298176082 0.000000 0.814300 0.172100
41.6234675927509 0.005956 0.814500 0.171400
41.7725121106206 0.003355 0.814300 0.171300
41.8977563359884 0.000798 0.814700 0.171200
42.024831860935 0.002361 0.814700 0.171100
42.1344732774873 0.000912 0.815100 0.171000
42.2691127305675 0.000000 0.815500 0.171000
42.3714076261265 0.000978 0.816000 0.170900
42.5131547773545 0.002116 0.816300 0.170600
42.6310016166176 0.001697 0.816500 0.170600
42.8568423764411 0.001771 0.816600 0.170600
42.9702103624901 0.002646 0.816800 0.170300
43.0876240686751 0.000852 0.817200 0.170200
43.1954114602142 0.000928 0.817500 0.170300
43.3528963047401 0.000635 0.817800 0.170200
43.4727086597959 0.000000 0.818000 0.170200
43.6618370413434 0.001057 0.818100 0.170000
43.7916677596196 0.002311 0.818600 0.169700
43.9395453996173 0.002705 0.819000 0.169500
44.045472496663 0.000944 0.819300 0.169400
44.1699419561303 0.001607 0.819700 0.169400
44.2730307718921 0.000970 0.819900 0.169300
44.4254793753056 0.002624 0.819900 0.169100
44.5409679734845 0.001732 0.820200 0.168900
44.642903566448 0.000981 0.820400 0.168800
44.7442172021204 0.000987 0.820500 0.168900
44.8795167356663 0.001478 0.820400 0.168900
44.9921181691649 0.000888 0.820600 0.169000
45.100906882913 0.001838 0.820700 0.169000
45.2462328660911 0.001376 0.820700 0.168800
45.3865346243535 0.000713 0.821000 0.168700
45.4894947459962 0.000000 0.821400 0.168700
45.6199711553042 0.001533 0.821800 0.168500
45.7889865794711 0.000000 0.822300 0.168500
45.9059851234364 0.000855 0.822400 0.168400
46.0722713581943 0.002405 0.822700 0.168000
46.1998845719422 0.003918 0.822600 0.167700
46.3004629791238 0.001988 0.822900 0.167500
46.4878385313753 0.001067 0.823100 0.167300
46.6379821183586 0.000000 0.823500 0.167300
46.7413819365901 0.000967 0.823600 0.167200
46.8463700155833 0.000000 0.823900 0.167200
46.9713929636549 0.000000 0.824100 0.167200
47.0969852662785 0.001592 0.824400 0.167000
47.2410190961386 0.000694 0.825100 0.167100
47.3727962092957 0.000759 0.825500 0.167000
47.5900622006325 0.000460 0.825500 0.166900
47.7566731419614 0.000600 0.825800 0.166800
47.9338273237897 0.000564 0.825900 0.166700
48.0867959228654 0.001307 0.826100 0.166500
48.2551193925678 0.002376 0.826300 0.166300
48.4092514269292 0.000649 0.826600 0.166200
48.527307866158 0.001694 0.826700 0.166000
48.6957480788259 0.000000 0.826900 0.166000
48.8338324111893 0.000724 0.827200 0.165900
49.0363027658751 0.001976 0.827100 0.165700
49.1582015165448 0.002461 0.827200 0.165600
49.2651246323893 0.000935 0.827700 0.165500
49.406084585107 0.000000 0.827900 0.165500
49.7031032110717 0.000673 0.828100 0.165300
49.925221821387 0.000000 0.828300 0.165300
50.0280720455027 0.001945 0.828500 0.165300
50.1378582736441 0.000911 0.828900 0.165200
50.2714614382471 0.001497 0.829300 0.165000
50.5154033279252 0.000410 0.829600 0.164900
50.6351161643168 0.000000 0.829700 0.164900
50.7410517526196 0.001888 0.829700 0.164700
50.9642257278277 0.000896 0.829900 0.164500
51.1044801113532 0.001426 0.830100 0.164300
51.3111577928301 0.000968 0.830200 0.164100
51.4940550360708 0.000547 0.830200 0.164000
51.6360964254407 0.000704 0.830300 0.163900
51.7539707165514 0.000000 0.830700 0.164100
51.8539889905583 0.001000 0.830800 0.164000
52.0882370385795 0.000427 0.830900 0.163900
52.1928228722949 0.004781 0.830800 0.163800
52.3095305183059 0.000857 0.831200 0.163700
52.6766577575118 0.000272 0.831300 0.163600
52.8120318322842 0.000000 0.831600 0.163600
52.9210930882991 0.000000 0.831900 0.163600
53.0631974031649 0.000704 0.831900 0.163500
53.2136448758604 0.000665 0.832200 0.163400
53.3335252505881 0.001668 0.832400 0.163200
53.4363727783813 0.001945 0.832700 0.163000
53.5673550588105 0.001527 0.832800 0.163000
53.6855025212028 0.000000 0.832900 0.163000
53.8055489738009 0.000000 0.833100 0.163000
53.947153466184 0.000706 0.833200 0.162900
54.1573320542975 0.001903 0.833500 0.162500
54.3165858239851 0.001256 0.833300 0.162500
54.4200947393458 0.001932 0.833600 0.162300
54.5407641046562 0.000829 0.833600 0.162200
54.8141429235588 0.000000 0.833700 0.162400
54.9274955796792 0.000882 0.833800 0.162300
55.2910674163628 0.000275 0.834000 0.162200
55.4074938896299 0.000000 0.834100 0.162200
55.5169634754438 0.000913 0.834300 0.162100
55.6214645846999 0.001914 0.834500 0.161900
55.8595138163364 0.000420 0.834800 0.161800
56.0147792425462 0.000000 0.834900 0.161800
56.5199273356499 0.000198 0.835000 0.161700
56.7569598460067 0.000000 0.835200 0.161700
56.9051097452273 0.000000 0.835300 0.161700
57.022002517667 0.000000 0.835500 0.161700
57.2312632029659 0.000478 0.835800 0.161600
57.5760559134018 0.000580 0.835800 0.161400
57.6857081239865 0.004560 0.835400 0.161500
57.8775566381107 0.000521 0.835400 0.161600
58.0891389035707 0.000000 0.835500 0.161600
58.2011120243691 0.000000 0.835600 0.161600
58.4095848705681 0.000000 0.835700 0.161600
58.5867160528516 0.000000 0.835900 0.161600
58.7026565679894 0.000863 0.836200 0.161500
58.8217005877432 0.000840 0.836300 0.161400
59.1169915468186 0.000000 0.836400 0.161400
59.2916163638723 0.002863 0.836000 0.161500
59.5846014477391 0.000000 0.836100 0.161500
59.6988086409923 0.000876 0.836100 0.161400
59.8361309527578 0.000728 0.836000 0.161500
59.9536174698714 0.000851 0.836100 0.161400
60.1368032331578 0.000546 0.836100 0.161300
60.387580865601 0.000000 0.836400 0.161300
60.7195010691999 0.000301 0.836400 0.161400
61.1563654664555 0.000458 0.836400 0.161200
61.59468678269 0.000228 0.836500 0.161100
61.9887740986061 0.000000 0.836600 0.161100
62.5084289633935 0.000192 0.836600 0.161000
62.6132584564152 0.000000 0.836700 0.161200
62.8757799286277 0.000000 0.837100 0.161200
63.2531885548787 0.000000 0.837300 0.161200
63.6265292075908 0.000000 0.837400 0.161200
63.981764273318 0.000000 0.837400 0.161400
64.0995438558678 0.000000 0.837500 0.161400
64.2377009922967 0.000724 0.837600 0.161300
64.3600142582853 0.000000 0.837700 0.161300
64.6402571568406 0.000357 0.837800 0.161200
65.190186851702 0.000182 0.837800 0.161100
65.2985528988637 0.000923 0.837700 0.161200
65.55135907102 0.000000 0.837800 0.161200
66.2256092261938 0.000297 0.837800 0.161000
66.4743156062832 0.000402 0.837900 0.160900
66.6519926921191 0.000563 0.837900 0.160800
66.7725798055434 0.000000 0.838000 0.160800
66.9234837715317 0.000663 0.838100 0.160700
67.3620267491314 0.000000 0.838200 0.160700
67.5909052498665 0.000000 0.838300 0.160700
68.6238955962957 0.000000 0.838400 0.160700
69.0979120036537 0.000211 0.838400 0.160600
69.2790172821485 0.000000 0.838500 0.160600
69.6713509435612 0.000000 0.838600 0.160600
70.1130961447312 0.000000 0.838700 0.160600
70.4468135431774 0.000000 0.838800 0.160600
70.6211171737602 0.000574 0.838900 0.160500
71.1567566466466 0.000373 0.838800 0.160500
71.5137962839194 0.000280 0.838800 0.160400
71.8138251401993 0.000333 0.838700 0.160500
72.0621876256186 0.000403 0.838800 0.160400
72.4812195508492 0.000239 0.838800 0.160300
73.1976013829687 0.000140 0.838800 0.160400
73.6948567781599 0.000201 0.838800 0.160300
73.8245882903911 0.000000 0.839000 0.160300
74.2494754673189 0.000000 0.839100 0.160300
74.4088303814719 0.000000 0.839200 0.160300
74.6268637291268 0.000459 0.839200 0.160200
75.730755732929 0.000000 0.839300 0.160200
77.2204258829531 0.000000 0.839400 0.160200
78.1735215982005 0.000000 0.839500 0.160200
83.68245726866 0.000000 0.839600 0.160200
84.4429615253271 0.000131 0.839600 0.160100
85.3689704852965 0.000000 0.839700 0.160100
85.8707909019707 0.000199 0.839700 0.160000
86.4332359653512 0.000000 0.839800 0.160000
88.3776541603918 0.000051 0.839800 0.159900
91.7589967471333 0.000000 0.839900 0.159900
96.2229559039675 0.000000 0.840000 0.159900
inf 0.000000 0.840100 0.159900
inf 0.000000 0.840100 0.159900
